#          omega_b,        omega_cdm,               H0,     ln10^{10}A_s,              n_s,         tau_reio, scf_parameters__2, scf_parameters__3, scf_parameters__6,        A_cib_217,        xi_sz_cib,             A_sz,     ps_A_100_100,     ps_A_143_143,     ps_A_143_217,     ps_A_217_217,         ksz_norm,     gal545_A_100,     gal545_A_143, gal545_A_143_217,     gal545_A_217,    galf_TE_A_100, galf_TE_A_100_143, galf_TE_A_100_217,    galf_TE_A_143, galf_TE_A_143_217,    galf_TE_A_217,       calib_100T,       calib_217T,         A_planck,           z_reio,              YHe,             rs_d,      100*theta_s,              A_s,           sigma8,          z_trans,        Omega_m_0
 2.061321e-08	-9.816762e-08	 2.663781e-05	 3.137404e-07	 2.468439e-07	 2.188705e-07	 2.179804e-04	 1.625294e-06	-9.491804e-07	-7.010972e-05	 1.091860e-06	 1.939484e-05	-3.426805e-04	-2.142605e-04	-7.876523e-05	-1.011540e-05	-3.244385e-05	 7.431079e-07	-4.446585e-06	-5.054773e-06	 1.751140e-05	-9.239576e-09	-7.188290e-08	-8.427802e-08	-2.504415e-07	-5.153066e-07	-2.358870e-06	 2.327623e-09	-1.069856e-09	 1.540428e-08	 1.617352e-05	 8.711686e-09	 3.024182e-06	 8.985139e-09	 6.643721e-16	-4.741794e-07	 6.420095e-05	-4.615452e-07	
-9.816762e-08	 1.679806e-06	-3.709516e-04	-8.015304e-07	-3.913509e-06	-2.317927e-06	-9.370070e-03	-1.496920e-05	 1.068354e-05	 1.942740e-04	 7.191090e-07	-6.968361e-05	 1.224421e-03	 1.012691e-03	 6.438832e-04	 3.625766e-04	 5.173447e-05	-3.180687e-05	-2.482055e-05	-2.901383e-05	-1.080743e-04	-3.263216e-08	 2.510271e-07	 6.687396e-07	 1.890440e-06	 3.362127e-06	 1.541765e-05	 7.949236e-10	 3.008761e-09	-1.113125e-07	-1.886943e-04	-3.740277e-08	-3.359556e-04	-9.509254e-08	-1.713652e-15	 7.463885e-06	-1.754890e-03	 7.535548e-06	
 2.663781e-05	-3.709516e-04	 1.166516e+00	-4.531435e-04	 9.150641e-04	 2.616839e-04	-2.425399e+00	-1.192002e-01	 2.682748e-02	 1.280346e-02	 1.359076e-03	 8.668077e-04	-6.554764e-02	-1.809574e-01	-1.402793e-01	-1.809023e-01	 1.336872e-02	 3.667452e-03	 8.198244e-03	-3.607915e-03	-3.426370e-02	-1.448766e-04	-2.099543e-04	-3.853118e-05	-3.947551e-04	-6.029093e-04	-3.191606e-03	-1.204300e-06	 2.004065e-08	-3.716586e-05	 8.082013e-03	 1.347910e-05	 6.642435e-02	 3.832887e-05	-9.712473e-13	 8.087581e-03	-2.207856e-01	-1.040951e-02	
 3.137404e-07	-8.015304e-07	-4.531435e-04	 3.011688e-04	 6.504543e-06	 1.354876e-04	 1.185739e-02	 2.319878e-04	 3.968286e-05	-5.836369e-03	 1.751821e-04	 7.638270e-04	-1.657002e-02	-5.020643e-03	 4.485561e-03	 1.208223e-02	-3.385439e-03	-5.434963e-04	-1.371177e-03	-1.221595e-03	 3.192379e-03	 8.814050e-06	 4.261941e-06	-7.699614e-06	 3.101816e-06	-1.583448e-05	-4.595966e-05	 2.532862e-07	-8.869979e-08	 1.380867e-05	 1.368851e-02	 1.127161e-07	-1.137113e-04	 2.362710e-07	 6.357124e-13	 1.144819e-04	 5.275417e-03	-1.695832e-05	
 2.468439e-07	-3.913509e-06	 9.150641e-04	 6.504543e-06	 1.842579e-05	 8.496424e-06	 2.293282e-02	 3.716133e-05	-2.486900e-05	-4.477855e-03	 9.391792e-05	 9.675194e-04	-2.305994e-02	-6.886137e-03	 1.112819e-03	 4.471373e-03	-2.227106e-03	 3.312689e-04	-2.333257e-04	-1.053470e-04	 1.674521e-03	-1.080512e-06	 4.251508e-07	-1.099493e-06	-2.028256e-06	-4.310135e-06	-2.963352e-05	-7.790095e-08	-4.190647e-08	 2.612879e-07	 7.515792e-04	 9.737766e-08	 7.617177e-04	 3.290232e-07	 1.378373e-14	-1.269728e-05	 4.219561e-03	-1.794064e-05	
 2.188705e-07	-2.317927e-06	 2.616839e-04	 1.354876e-04	 8.496424e-06	 7.034367e-05	 6.960860e-03	 1.098213e-04	 3.490315e-06	-2.983416e-03	 6.197377e-05	 4.305005e-04	-1.079734e-02	-4.383937e-03	-1.063808e-04	 2.318309e-03	-1.265220e-03	-1.413368e-05	-2.766585e-04	-2.455260e-04	 9.585131e-04	 3.853704e-06	 3.388851e-06	-2.789867e-06	 2.226380e-06	-1.175821e-05	-5.348564e-05	 4.532788e-08	-4.141823e-08	 1.026438e-07	 7.069312e-03	 8.335513e-08	 3.788752e-04	 1.679495e-07	 2.860079e-13	 4.330036e-05	 3.030386e-03	-1.551548e-05	
 2.179804e-04	-9.370070e-03	-2.425399e+00	 1.185739e-02	 2.293282e-02	 6.960860e-03	 1.431800e+04	 2.702094e+00	-4.985321e-02	-2.040690e+01	-1.591966e-01	 2.319356e+00	-4.369115e+01	-1.571855e+01	-2.693557e+00	 2.189504e+01	-3.382868e+00	 9.313727e-01	-4.684150e-01	 2.676537e+00	 1.708896e+01	 1.082685e-02	 5.109851e-03	 2.870882e-02	-9.007032e-03	-4.012661e-02	 1.090116e-01	-2.511783e-04	-5.213601e-04	 3.854270e-03	 2.125506e-01	-2.992078e-03	 4.197735e+00	 3.175565e-03	 2.557583e-11	-4.009640e-03	 1.822788e+03	-9.037837e-02	
 1.625294e-06	-1.496920e-05	-1.192002e-01	 2.319878e-04	 3.716133e-05	 1.098213e-04	 2.702094e+00	 2.539631e-02	-3.472190e-04	-1.592074e-02	-3.023391e-04	 5.337641e-03	-5.627912e-02	-2.683090e-02	-1.071224e-02	 1.346659e-02	-5.016767e-03	 7.369490e-04	 1.829484e-03	 8.160089e-03	 2.446982e-02	 5.043446e-05	 1.272226e-06	-8.594428e-05	-5.631426e-05	-1.118601e-04	-2.021221e-04	 1.234216e-07	 1.315088e-07	 1.943749e-05	 1.050570e-02	-2.999484e-08	 2.637914e-03	 2.378518e-06	 4.931319e-13	-9.887729e-04	 4.276853e-01	 2.814574e-04	
-9.491804e-07	 1.068354e-05	 2.682748e-02	 3.968286e-05	-2.486900e-05	 3.490315e-06	-4.985321e-02	-3.472190e-04	 3.167077e-03	 3.305474e-03	 6.247967e-05	-4.283023e-04	 2.369193e-02	 1.385251e-02	 8.744171e-03	 3.133227e-03	 2.375476e-03	-7.397439e-04	 1.269635e-03	 2.961959e-03	 4.226040e-03	 2.131274e-06	-8.067144e-06	-1.014088e-05	 9.915898e-07	-3.807387e-06	 1.282950e-04	-9.570373e-08	 1.563766e-07	 5.114080e-06	-6.621613e-05	-2.140453e-07	-1.878323e-03	-1.029188e-06	 8.438849e-14	 4.260765e-04	 2.788943e-02	-6.369219e-04	
-7.010972e-05	 1.942740e-04	 1.280346e-02	-5.836369e-03	-4.477855e-03	-2.983416e-03	-2.040690e+01	-1.592074e-02	 3.305474e-03	 4.500775e+01	-4.099749e-01	-8.356574e-01	 3.656889e+01	 1.682131e+00	-1.335731e+01	-5.534186e+01	-2.745844e-01	 1.004489e-01	 5.302599e-01	-6.084352e+00	-3.398296e+01	 1.314147e-03	 1.347578e-03	 3.510155e-03	 7.115684e-04	-5.010596e-04	 1.162771e-02	-2.311537e-04	 6.839569e-04	 6.309709e-04	-2.847660e-01	-1.860496e-05	 2.063679e-02	 1.330578e-05	-1.234780e-11	-1.731895e-03	-2.875742e+00	 5.723071e-04	
 1.091860e-06	 7.191090e-07	 1.359076e-03	 1.751821e-04	 9.391792e-05	 6.197377e-05	-1.591966e-01	-3.023391e-04	 6.247967e-05	-4.099749e-01	 8.204719e-02	-4.629968e-02	-5.661179e-01	 9.235648e-01	 1.693188e+00	 6.497948e-01	 4.912478e-02	-7.875400e-03	 7.329279e-03	 1.108580e-01	 1.577506e-01	 5.289695e-05	 3.730361e-05	 7.847646e-05	 1.549071e-05	 5.885661e-05	 7.791193e-04	 5.454695e-06	-1.258604e-06	 2.976634e-06	 6.049110e-03	 4.612988e-07	-1.459391e-03	-5.013322e-07	 3.702823e-13	 1.037337e-04	-2.114437e-02	-2.515510e-05	
 1.939484e-05	-6.968361e-05	 8.668077e-04	 7.638270e-04	 9.675194e-04	 4.305005e-04	 2.319356e+00	 5.337641e-03	-4.283023e-04	-8.356574e-01	-4.629968e-02	 3.923374e+00	-3.085546e+01	-3.145653e+00	 7.883963e+00	 5.544955e+00	-2.857875e+00	-2.182297e-01	 1.140137e-01	 2.672439e+00	 3.365683e+00	-1.979310e-04	-7.336346e-05	 1.300291e-04	-1.595754e-04	-7.758857e-04	-3.943964e-03	 1.134748e-04	-3.167605e-05	 1.389207e-05	 3.911564e-02	 6.889896e-06	-2.281297e-03	 2.037884e-06	 1.599979e-12	-3.219377e-05	 3.707586e-01	-3.139539e-04	
-3.426805e-04	 1.224421e-03	-6.554764e-02	-1.657002e-02	-2.305994e-02	-1.079734e-02	-4.369115e+01	-5.627912e-02	 2.369193e-02	 3.656889e+01	-5.661179e-01	-3.085546e+01	 7.810557e+02	 6.677629e+01	-5.718678e+01	-6.259703e+01	 1.465819e+01	-6.346126e+00	 5.718402e+00	-1.348667e+01	-2.707986e+01	 5.513224e-04	-2.990715e-03	-1.173500e-02	 1.052784e-02	 1.640343e-03	 1.130364e-02	 3.579045e-03	 3.425197e-04	 3.345623e-03	-1.013150e+00	-1.295306e-04	 4.350041e-02	 2.435237e-05	-3.491740e-11	-2.456485e-03	-6.378248e+00	 2.286592e-03	
-2.142605e-04	 1.012691e-03	-1.809574e-01	-5.020643e-03	-6.886137e-03	-4.383937e-03	-1.571855e+01	-2.683090e-02	 1.385251e-02	 1.682131e+00	 9.235648e-01	-3.145653e+00	 6.677629e+01	 6.115747e+01	 4.080707e+01	 1.564544e+01	-5.077853e+00	-5.054417e-01	-1.497581e+00	 3.230307e+00	 3.825324e+00	 7.418845e-04	 4.874812e-04	-1.977671e-03	 2.102868e-03	 5.158236e-03	 4.801074e-02	 1.107315e-04	 1.111900e-04	 6.407664e-04	-3.840226e-01	-8.293895e-05	-3.525175e-02	 7.584931e-06	-1.061118e-11	 3.370813e-03	-2.487633e+00	 3.288312e-03	
-7.876523e-05	 6.438832e-04	-1.402793e-01	 4.485561e-03	 1.112819e-03	-1.063808e-04	-2.693557e+00	-1.071224e-02	 8.744171e-03	-1.335731e+01	 1.693188e+00	 7.883963e+00	-5.718678e+01	 4.080707e+01	 8.649858e+01	 5.440364e+01	-1.234178e+01	-9.676220e-01	-9.334177e-01	 5.076123e+00	 8.649630e+00	 3.733647e-04	 4.278894e-04	 1.926910e-03	 2.708262e-03	 3.361535e-03	 2.669424e-02	 4.997821e-04	-3.272155e-04	 6.755759e-04	 1.818352e-02	-3.116523e-05	-8.428644e-02	-1.785250e-05	 9.418567e-12	 6.189348e-03	-5.048957e-01	 1.885582e-03	
-1.011540e-05	 3.625766e-04	-1.809023e-01	 1.208223e-02	 4.471373e-03	 2.318309e-03	 2.189504e+01	 1.346659e-02	 3.133227e-03	-5.534186e+01	 6.497948e-01	 5.544955e+00	-6.259703e+01	 1.564544e+01	 5.440364e+01	 1.047810e+02	-9.592796e+00	-6.792144e-01	-1.382249e+00	 5.810413e+00	 3.421606e+01	-1.422651e-03	-1.644740e-03	-4.429454e-03	 1.456693e-03	 4.542514e-03	 2.844629e-03	 5.362180e-04	-1.272227e-03	 1.675686e-03	 2.452616e-01	-1.494977e-05	-7.858033e-02	-2.835813e-05	 2.548212e-11	 7.542917e-03	 2.993116e+00	 1.448217e-03	
-3.244385e-05	 5.173447e-05	 1.336872e-02	-3.385439e-03	-2.227106e-03	-1.265220e-03	-3.382868e+00	-5.016767e-03	 2.375476e-03	-2.745844e-01	 4.912478e-02	-2.857875e+00	 1.465819e+01	-5.077853e+00	-1.234178e+01	-9.592796e+00	 6.144708e+00	 1.526377e-01	-1.348023e-01	-2.119774e+00	-2.341552e+00	 2.257815e-04	-9.340393e-05	 4.483580e-04	-3.930575e-04	-1.547701e-04	-2.498040e-03	-8.823126e-05	-1.120939e-05	-7.710172e-05	-1.218719e-01	-1.301673e-05	 2.132426e-02	 6.010471e-06	-7.133453e-12	-1.208827e-03	-4.914318e-01	-1.787990e-04	
 7.431079e-07	-3.180687e-05	 3.667452e-03	-5.434963e-04	 3.312689e-04	-1.413368e-05	 9.313727e-01	 7.369490e-04	-7.397439e-04	 1.004489e-01	-7.875400e-03	-2.182297e-01	-6.346126e+00	-5.054417e-01	-9.676220e-01	-6.792144e-01	 1.526377e-01	 3.355384e+00	 5.355858e-01	 1.470560e-01	 1.486964e-01	-1.410670e-04	 5.373309e-04	 1.239356e-03	-3.680358e-04	-1.507616e-03	-5.036195e-03	 1.760640e-04	 8.428343e-07	-6.675838e-05	-2.152897e-03	-4.576287e-07	 7.686773e-03	 4.575143e-06	-1.137173e-12	-3.290524e-04	 1.230663e-01	-5.164508e-05	
-4.446585e-06	-2.482055e-05	 8.198244e-03	-1.371177e-03	-2.333257e-04	-2.766585e-04	-4.684150e-01	 1.829484e-03	 1.269635e-03	 5.302599e-01	 7.329279e-03	 1.140137e-01	 5.718402e+00	-1.497581e+00	-9.334177e-01	-1.382249e+00	-1.348023e-01	 5.355858e-01	 3.164709e+00	 2.648887e+00	 2.647579e+00	 3.329658e-04	-6.130523e-04	 1.272664e-03	-8.172622e-04	 9.206002e-05	-1.750618e-04	-1.917136e-04	-3.700832e-05	-7.895525e-05	-2.837535e-02	-1.491807e-06	 1.106435e-02	 7.173698e-06	-2.887397e-12	-6.472810e-04	-5.617219e-02	-4.282021e-04	
-5.054773e-06	-2.901383e-05	-3.607915e-03	-1.221595e-03	-1.053470e-04	-2.455260e-04	 2.676537e+00	 8.160089e-03	 2.961959e-03	-6.084352e+00	 1.108580e-01	 2.672439e+00	-1.348667e+01	 3.230307e+00	 5.076123e+00	 5.810413e+00	-2.119774e+00	 1.470560e-01	 2.648887e+00	 1.073851e+01	 1.934609e+01	 3.913775e-04	-6.087889e-04	-1.248087e-03	-1.455968e-03	-1.117327e-03	 7.531167e-03	-3.476715e-05	 4.054580e-04	-7.659634e-05	-2.578003e-02	-3.346643e-06	 1.362255e-02	 1.479969e-05	-2.567362e-12	-5.883573e-04	 4.130140e-01	-8.018579e-04	
 1.751140e-05	-1.080743e-04	-3.426370e-02	 3.192379e-03	 1.674521e-03	 9.585131e-04	 1.708896e+01	 2.446982e-02	 4.226040e-03	-3.398296e+01	 1.577506e-01	 3.365683e+00	-2.707986e+01	 3.825324e+00	 8.649630e+00	 3.421606e+01	-2.341552e+00	 1.486964e-01	 2.647579e+00	 1.934609e+01	 5.405565e+01	-3.675552e-04	-1.734180e-03	-4.031987e-03	-2.246639e-03	-2.778321e-03	 7.762368e-03	 5.871832e-05	 9.315159e-04	 7.862733e-04	 8.849435e-02	 8.537962e-07	 1.280342e-02	 2.276009e-05	 6.776999e-12	 9.200295e-04	 2.471209e+00	-1.636099e-03	
-9.239576e-09	-3.263216e-08	-1.448766e-04	 8.814050e-06	-1.080512e-06	 3.853704e-06	 1.082685e-02	 5.043446e-05	 2.131274e-06	 1.314147e-03	 5.289695e-05	-1.979310e-04	 5.513224e-04	 7.418845e-04	 3.733647e-04	-1.422651e-03	 2.257815e-04	-1.410670e-04	 3.329658e-04	 3.913775e-04	-3.675552e-04	 1.455295e-03	 2.765301e-04	 6.632831e-05	-3.675805e-04	-9.895901e-05	-1.498663e-04	 1.816595e-10	 3.358554e-08	 4.727491e-07	 3.940229e-04	-3.704219e-08	 3.247526e-05	-1.389228e-08	 1.857650e-14	 2.626992e-06	 2.125822e-03	-6.723514e-07	
-7.188290e-08	 2.510271e-07	-2.099543e-04	 4.261941e-06	 4.251508e-07	 3.388851e-06	 5.109851e-03	 1.272226e-06	-8.067144e-06	 1.347578e-03	 3.730361e-05	-7.336346e-05	-2.990715e-03	 4.874812e-04	 4.278894e-04	-1.644740e-03	-9.340393e-05	 5.373309e-04	-6.130523e-04	-6.087889e-04	-1.734180e-03	 2.765301e-04	 8.677893e-04	 2.998991e-05	 7.247088e-04	 5.558365e-05	-7.300954e-04	-2.019506e-08	 7.102626e-08	-1.184161e-06	 3.731694e-04	-5.330661e-08	 1.848330e-05	-4.532519e-08	 8.935769e-15	 2.289650e-06	 2.733783e-04	 3.517087e-06	
-8.427802e-08	 6.687396e-07	-3.853118e-05	-7.699614e-06	-1.099493e-06	-2.789867e-06	 2.870882e-02	-8.594428e-05	-1.014088e-05	 3.510155e-03	 7.847646e-05	 1.300291e-04	-1.173500e-02	-1.977671e-03	 1.926910e-03	-4.429454e-03	 4.483580e-04	 1.239356e-03	 1.272664e-03	-1.248087e-03	-4.031987e-03	 6.632831e-05	 2.998991e-05	 7.134171e-03	-2.946278e-04	 6.542604e-04	 4.391516e-03	-4.935683e-07	 1.216852e-07	-1.330935e-06	-2.477218e-04	 1.547854e-09	-1.001242e-04	-1.577067e-07	-1.636907e-14	 4.294341e-07	 1.920821e-03	 7.057582e-06	
-2.504415e-07	 1.890440e-06	-3.947551e-04	 3.101816e-06	-2.028256e-06	 2.226380e-06	-9.007032e-03	-5.631426e-05	 9.915898e-07	 7.115684e-04	 1.549071e-05	-1.595754e-04	 1.052784e-02	 2.102868e-03	 2.708262e-03	 1.456693e-03	-3.930575e-04	-3.680358e-04	-8.172622e-04	-1.455968e-03	-2.246639e-03	-3.675805e-04	 7.247088e-04	-2.946278e-04	 2.888041e-03	 5.293301e-04	-8.994093e-04	 2.210339e-07	 1.251525e-07	-2.153282e-06	 3.225272e-04	-9.395133e-08	-2.372613e-04	-1.838511e-07	 6.413809e-15	 1.140086e-05	-3.159247e-03	 1.120900e-05	
-5.153066e-07	 3.362127e-06	-6.029093e-04	-1.583448e-05	-4.310135e-06	-1.175821e-05	-4.012661e-02	-1.118601e-04	-3.807387e-06	-5.010596e-04	 5.885661e-05	-7.758857e-04	 1.640343e-03	 5.158236e-03	 3.361535e-03	 4.542514e-03	-1.547701e-04	-1.507616e-03	 9.206002e-05	-1.117327e-03	-2.778321e-03	-9.895901e-05	 5.558365e-05	 6.542604e-04	 5.293301e-04	 6.428395e-03	 7.926272e-03	-4.334390e-07	-3.169779e-07	 8.161694e-07	-1.023826e-03	-2.069839e-07	-3.258731e-04	-2.970383e-07	-3.344529e-14	 1.356671e-05	-7.218488e-03	 2.313697e-05	
-2.358870e-06	 1.541765e-05	-3.191606e-03	-4.595966e-05	-2.963352e-05	-5.348564e-05	 1.090116e-01	-2.021221e-04	 1.282950e-04	 1.162771e-02	 7.791193e-04	-3.943964e-03	 1.130364e-02	 4.801074e-02	 2.669424e-02	 2.844629e-03	-2.498040e-03	-5.036195e-03	-1.750618e-04	 7.531167e-03	 7.762368e-03	-1.498663e-04	-7.300954e-04	 4.391516e-03	-8.994093e-04	 7.926272e-03	 7.262197e-02	-1.839187e-06	 4.793304e-07	 1.445017e-05	-4.692041e-03	-8.102445e-07	-1.484605e-03	-1.030539e-06	-9.778602e-14	 7.440878e-05	 8.338670e-03	 7.047997e-05	
 2.327623e-09	 7.949236e-10	-1.204300e-06	 2.532862e-07	-7.790095e-08	 4.532788e-08	-2.511783e-04	 1.234216e-07	-9.570373e-08	-2.311537e-04	 5.454695e-06	 1.134748e-04	 3.579045e-03	 1.107315e-04	 4.997821e-04	 5.362180e-04	-8.823126e-05	 1.760640e-04	-1.917136e-04	-3.476715e-05	 5.871832e-05	 1.816595e-10	-2.019506e-08	-4.935683e-07	 2.210339e-07	-4.334390e-07	-1.839187e-06	 3.765195e-07	-4.211596e-09	 3.071242e-09	 4.104637e-06	 1.068852e-09	-2.886788e-06	-5.755473e-10	 5.347151e-16	 3.971086e-08	-3.211372e-05	 2.175254e-08	
-1.069856e-09	 3.008761e-09	 2.004065e-08	-8.869979e-08	-4.190647e-08	-4.141823e-08	-5.213601e-04	 1.315088e-07	 1.563766e-07	 6.839569e-04	-1.258604e-06	-3.167605e-05	 3.425197e-04	 1.111900e-04	-3.272155e-04	-1.272227e-03	-1.120939e-05	 8.428343e-07	-3.700832e-05	 4.054580e-04	 9.315159e-04	 3.358554e-08	 7.102626e-08	 1.216852e-07	 1.251525e-07	-3.169779e-07	 4.793304e-07	-4.211596e-09	 3.834569e-07	-2.719542e-10	-4.086036e-06	 1.547730e-11	 2.051608e-07	 8.929088e-10	-1.854680e-16	-1.850707e-08	-6.906032e-05	-2.080850e-08	
 1.540428e-08	-1.113125e-07	-3.716586e-05	 1.380867e-05	 2.612879e-07	 1.026438e-07	 3.854270e-03	 1.943749e-05	 5.114080e-06	 6.309709e-04	 2.976634e-06	 1.389207e-05	 3.345623e-03	 6.407664e-04	 6.755759e-04	 1.675686e-03	-7.710172e-05	-6.675838e-05	-7.895525e-05	-7.659634e-05	 7.862733e-04	 4.727491e-07	-1.184161e-06	-1.330935e-06	-2.153282e-06	 8.161694e-07	 1.445017e-05	 3.071242e-09	-2.719542e-10	 6.776385e-06	 2.238286e-06	 7.323662e-09	 1.236051e-05	 2.076111e-08	 2.914843e-14	 4.763393e-06	 7.822621e-04	-2.073798e-06	
 1.617352e-05	-1.886943e-04	 8.082013e-03	 1.368851e-02	 7.515792e-04	 7.069312e-03	 2.125506e-01	 1.050570e-02	-6.621613e-05	-2.847660e-01	 6.049110e-03	 3.911564e-02	-1.013150e+00	-3.840226e-01	 1.818352e-02	 2.452616e-01	-1.218719e-01	-2.152897e-03	-2.837535e-02	-2.578003e-02	 8.849435e-02	 3.940229e-04	 3.731694e-04	-2.477218e-04	 3.225272e-04	-1.023826e-03	-4.692041e-03	 4.104637e-06	-4.086036e-06	 2.238286e-06	 7.139937e-01	 2.674688e-06	 3.344032e-02	 1.398502e-05	 2.888889e-11	 4.527512e-03	 2.134919e-01	-1.163201e-03	
 8.711686e-09	-3.740277e-08	 1.347910e-05	 1.127161e-07	 9.737766e-08	 8.335513e-08	-2.992078e-03	-2.999484e-08	-2.140453e-07	-1.860496e-05	 4.612988e-07	 6.889896e-06	-1.295306e-04	-8.293895e-05	-3.116523e-05	-1.494977e-05	-1.301673e-05	-4.576287e-07	-1.491807e-06	-3.346643e-06	 8.537962e-07	-3.704219e-08	-5.330661e-08	 1.547854e-09	-9.395133e-08	-2.069839e-07	-8.102445e-07	 1.068852e-09	 1.547730e-11	 7.323662e-09	 2.674688e-06	 4.004399e-07	-7.751279e-05	-1.993053e-08	-8.600654e-16	-6.322345e-07	-4.314340e-04	-3.830737e-07	
 3.024182e-06	-3.359556e-04	 6.642435e-02	-1.137113e-04	 7.617177e-04	 3.788752e-04	 4.197735e+00	 2.637914e-03	-1.878323e-03	 2.063679e-02	-1.459391e-03	-2.281297e-03	 4.350041e-02	-3.525175e-02	-8.428644e-02	-7.858033e-02	 2.132426e-02	 7.686773e-03	 1.106435e-02	 1.362255e-02	 1.280342e-02	 3.247526e-05	 1.848330e-05	-1.001242e-04	-2.372613e-04	-3.258731e-04	-1.484605e-03	-2.886788e-06	 2.051608e-07	 1.236051e-05	 3.344032e-02	-7.751279e-05	 1.013397e-01	 2.047215e-05	-2.353403e-14	-1.349757e-03	 6.732532e-01	-1.428588e-03	
 8.985139e-09	-9.509254e-08	 3.832887e-05	 2.362710e-07	 3.290232e-07	 1.679495e-07	 3.175565e-03	 2.378518e-06	-1.029188e-06	 1.330578e-05	-5.013322e-07	 2.037884e-06	 2.435237e-05	 7.584931e-06	-1.785250e-05	-2.835813e-05	 6.010471e-06	 4.575143e-06	 7.173698e-06	 1.479969e-05	 2.276009e-05	-1.389228e-08	-4.532519e-08	-1.577067e-07	-1.838511e-07	-2.970383e-07	-1.030539e-06	-5.755473e-10	 8.929088e-10	 2.076111e-08	 1.398502e-05	-1.993053e-08	 2.047215e-05	 1.023130e-07	 5.619694e-16	-3.336441e-07	 4.888720e-04	-6.396478e-07	
 6.643721e-16	-1.713652e-15	-9.712473e-13	 6.357124e-13	 1.378373e-14	 2.860079e-13	 2.557583e-11	 4.931319e-13	 8.438849e-14	-1.234780e-11	 3.702823e-13	 1.599979e-12	-3.491740e-11	-1.061118e-11	 9.418567e-12	 2.548212e-11	-7.133453e-12	-1.137173e-12	-2.887397e-12	-2.567362e-12	 6.776999e-12	 1.857650e-14	 8.935769e-15	-1.636907e-14	 6.413809e-15	-3.344529e-14	-9.778602e-14	 5.347151e-16	-1.854680e-16	 2.914843e-14	 2.888889e-11	-8.600654e-16	-2.353403e-14	 5.619694e-16	 1.345176e-21	 2.426210e-13	 1.133077e-11	-3.559834e-14	
-4.741794e-07	 7.463885e-06	 8.087581e-03	 1.144819e-04	-1.269728e-05	 4.330036e-05	-4.009640e-03	-9.887729e-04	 4.260765e-04	-1.731895e-03	 1.037337e-04	-3.219377e-05	-2.456485e-03	 3.370813e-03	 6.189348e-03	 7.542917e-03	-1.208827e-03	-3.290524e-04	-6.472810e-04	-5.883573e-04	 9.200295e-04	 2.626992e-06	 2.289650e-06	 4.294341e-07	 1.140086e-05	 1.356671e-05	 7.440878e-05	 3.971086e-08	-1.850707e-08	 4.763393e-06	 4.527512e-03	-6.322345e-07	-1.349757e-03	-3.336441e-07	 2.426210e-13	 1.805198e-04	 6.829314e-04	-7.109719e-05	
 6.420095e-05	-1.754890e-03	-2.207856e-01	 5.275417e-03	 4.219561e-03	 3.030386e-03	 1.822788e+03	 4.276853e-01	 2.788943e-02	-2.875742e+00	-2.114437e-02	 3.707586e-01	-6.378248e+00	-2.487633e+00	-5.048957e-01	 2.993116e+00	-4.914318e-01	 1.230663e-01	-5.617219e-02	 4.130140e-01	 2.471209e+00	 2.125822e-03	 2.733783e-04	 1.920821e-03	-3.159247e-03	-7.218488e-03	 8.338670e-03	-3.211372e-05	-6.906032e-05	 7.822621e-04	 2.134919e-01	-4.314340e-04	 6.732532e-01	 4.888720e-04	 1.133077e-11	 6.829314e-04	 2.354673e+02	-2.280292e-02	
-4.615452e-07	 7.535548e-06	-1.040951e-02	-1.695832e-05	-1.794064e-05	-1.551548e-05	-9.037837e-02	 2.814574e-04	-6.369219e-04	 5.723071e-04	-2.515510e-05	-3.139539e-04	 2.286592e-03	 3.288312e-03	 1.885582e-03	 1.448217e-03	-1.787990e-04	-5.164508e-05	-4.282021e-04	-8.018579e-04	-1.636099e-03	-6.723514e-07	 3.517087e-06	 7.057582e-06	 1.120900e-05	 2.313697e-05	 7.047997e-05	 2.175254e-08	-2.080850e-08	-2.073798e-06	-1.163201e-03	-3.830737e-07	-1.428588e-03	-6.396478e-07	-3.559834e-14	-7.109719e-05	-2.280292e-02	 2.072648e-04	
