#          omega_b,        omega_cdm,               H0,     ln10^{10}A_s,              n_s,         tau_reio, scf_parameters__2, scf_parameters__3, scf_parameters__6,        A_cib_217,        xi_sz_cib,             A_sz,     ps_A_100_100,     ps_A_143_143,     ps_A_143_217,     ps_A_217_217,         ksz_norm,     gal545_A_100,     gal545_A_143, gal545_A_143_217,     gal545_A_217,    galf_TE_A_100, galf_TE_A_100_143, galf_TE_A_100_217,    galf_TE_A_143, galf_TE_A_143_217,    galf_TE_A_217,       calib_100T,       calib_217T,         A_planck,                M,           z_reio,              YHe,             rs_d,      100*theta_s,              A_s,           sigma8,          z_trans,        Omega_m_0
 2.279229e-08	-1.350066e-07	-1.292361e-05	 2.771337e-07	 3.416433e-07	 2.434860e-07	-7.081191e-04	 3.070415e-08	-2.322000e-06	-8.024251e-05	 1.634360e-06	 2.082747e-05	-3.846549e-04	-2.268928e-04	-7.112801e-05	 8.133041e-08	-3.681561e-05	-6.448576e-07	-7.918495e-06	-1.205010e-05	 7.544185e-06	-5.499700e-08	-6.312001e-08	-1.010776e-07	-2.572094e-07	-4.439707e-07	-2.405391e-06	 2.994710e-09	-1.896418e-09	 1.648985e-08	-2.699832e-07	 1.870056e-05	 9.877415e-09	 1.026396e-05	 1.202726e-08	 5.848963e-16	-1.237696e-06	-1.014038e-04	 2.736669e-07	
-1.350066e-07	 2.144760e-06	 9.595251e-05	-5.159462e-07	-4.968583e-06	-2.654961e-06	 4.342707e-03	-1.014775e-06	 2.860964e-05	 2.299919e-04	-3.582518e-06	-1.014548e-04	 1.805758e-03	 1.329441e-03	 7.350603e-04	 4.587527e-04	 9.720106e-05	-3.372080e-05	-1.354797e-05	 1.825679e-05	-1.250191e-05	 5.578833e-07	 3.290824e-07	 8.743936e-07	 1.843252e-06	 2.821953e-06	 1.892942e-05	-6.005966e-09	 9.815771e-09	-1.565492e-07	 2.278368e-06	-2.188627e-04	-5.868929e-08	-4.163420e-04	-1.252776e-07	-1.081488e-15	 1.714596e-05	 4.914003e-04	-1.775050e-06	
-1.292361e-05	 9.595251e-05	 9.210613e-01	 5.121105e-04	-3.009340e-04	 6.661592e-05	 1.189070e+01	-3.037601e-02	 1.789873e-02	 7.008209e-02	-1.269401e-03	-2.024516e-02	 4.727775e-01	 1.920606e-01	 3.259964e-02	 2.513798e-03	 4.046326e-02	 1.363223e-03	 5.816956e-03	 2.276510e-02	 3.251904e-02	 7.165157e-05	-1.147644e-04	-1.640424e-04	 7.494211e-05	 3.042318e-05	 2.826229e-03	 2.052802e-07	 3.519193e-06	 7.981893e-05	 1.605215e-02	 5.343408e-04	-8.291472e-06	-9.391374e-03	-5.438640e-06	 1.071948e-12	 9.321987e-03	 1.827651e+00	-6.757673e-03	
 2.771337e-07	-5.159462e-07	 5.121105e-04	 2.990128e-04	 5.708914e-06	 1.356674e-04	-3.851614e-02	-9.027240e-06	 1.239619e-05	-5.248875e-03	 1.668673e-04	 8.627783e-04	-1.795409e-02	-4.651507e-03	 4.563345e-03	 1.113230e-02	-3.175204e-03	-6.679070e-04	-1.431677e-03	-1.405048e-03	 2.026136e-03	-8.730167e-07	-2.838261e-06	-5.297065e-06	-4.097068e-06	-2.520933e-06	 7.559629e-07	 1.741181e-07	-1.648679e-07	 1.237267e-05	 9.619715e-06	 1.350094e-02	 1.220314e-07	-1.622750e-04	 2.117946e-07	 6.316686e-13	 1.276142e-04	-4.984650e-03	-3.331193e-06	
 3.416433e-07	-4.968583e-06	-3.009340e-04	 5.708914e-06	 2.117630e-05	 9.285636e-06	-2.218696e-02	-1.585956e-06	-7.012083e-05	-4.583330e-03	 9.840903e-05	 1.072224e-03	-2.504285e-02	-7.926495e-03	 7.336965e-04	 4.251689e-03	-2.416978e-03	 3.465439e-04	-3.010461e-04	-3.341416e-04	 1.207937e-03	-1.369938e-06	-1.052062e-07	-2.251131e-06	-3.907853e-06	-5.942828e-06	-4.578990e-05	-7.526372e-08	-8.240429e-08	 2.793397e-07	-8.921853e-06	 8.182260e-04	 1.555460e-07	 9.280963e-04	 4.006658e-07	 1.203632e-14	-3.599956e-05	-3.125113e-03	 6.059264e-06	
 2.434860e-07	-2.654961e-06	 6.661592e-05	 1.356674e-04	 9.285636e-06	 7.201173e-05	-3.043237e-02	 4.479370e-06	-2.261361e-05	-2.707799e-03	 5.630499e-05	 5.618143e-04	-1.305339e-02	-4.855737e-03	-3.843601e-04	 1.462614e-03	-1.199684e-03	-9.850320e-05	-3.371951e-04	-3.973966e-04	 1.878034e-04	-1.458365e-06	-1.861638e-06	-3.007191e-06	-3.846477e-06	-3.785584e-06	-2.516650e-05	-2.432245e-09	-8.264867e-08	-9.451248e-07	 2.382147e-06	 7.130684e-03	 1.129505e-07	 4.316490e-04	 1.796168e-07	 2.866294e-13	 3.901803e-05	-3.862752e-03	-4.163688e-07	
-7.081191e-04	 4.342707e-03	 1.189070e+01	-3.851614e-02	-2.218696e-02	-3.043237e-02	 1.496154e+04	 1.791625e-01	-2.176070e+00	 2.698738e+00	-7.176527e-02	 2.820029e-01	-3.615729e+00	 9.078487e+00	 9.414232e+00	 6.669329e+00	-2.491579e+00	-1.549751e-02	-3.205795e-01	-4.074389e-01	-4.552026e-01	 5.974127e-03	-1.693017e-02	 2.161679e-02	-7.682014e-03	 5.084374e-03	 3.632161e-02	-7.093463e-05	 3.355821e-04	 1.018984e-03	 3.710611e-01	-2.863206e+00	-2.286117e-03	 8.750504e-01	 9.597631e-04	-8.418255e-11	-9.689416e-02	 1.932888e+03	 7.051485e-02	
 3.070415e-08	-1.014775e-06	-3.037601e-02	-9.027240e-06	-1.585956e-06	 4.479370e-06	 1.791625e-01	 5.171147e-03	 3.631791e-04	 4.561844e-03	-9.540212e-05	-1.112492e-03	 1.647446e-02	 3.290852e-03	-6.086740e-03	-1.163883e-02	 3.598830e-03	 2.048000e-05	 1.297803e-03	 1.503004e-03	-3.174657e-04	 9.385478e-10	 7.013551e-06	-6.064416e-06	 3.121138e-06	 2.716770e-06	-2.071934e-05	-2.820035e-07	 2.110007e-07	-6.737822e-06	 3.067773e-04	 1.109143e-04	-2.100736e-08	 2.603696e-04	 4.642288e-07	-1.818624e-14	-2.002321e-04	 8.507240e-02	-2.390657e-04	
-2.322000e-06	 2.860964e-05	 1.789873e-02	 1.239619e-05	-7.012083e-05	-2.261361e-05	-2.176070e+00	 3.631791e-04	 1.670260e-03	 7.289647e-03	-1.100626e-04	-2.530117e-03	 4.488740e-02	 2.393948e-02	 7.228830e-03	 1.505574e-04	 4.398161e-03	-5.141386e-04	 5.199852e-04	 1.384592e-03	 1.716671e-05	 1.124657e-05	 7.697278e-06	 8.866966e-06	 3.302291e-05	 4.545476e-05	 3.649865e-04	-2.374831e-07	 2.241170e-07	-1.952827e-06	 5.566652e-04	-2.012199e-03	-6.028326e-07	-5.234915e-03	-4.103702e-06	 2.708388e-14	 4.735968e-04	-2.653848e-01	-3.391581e-04	
-8.024251e-05	 2.299919e-04	 7.008209e-02	-5.248875e-03	-4.583330e-03	-2.707799e-03	 2.698738e+00	 4.561844e-03	 7.289647e-03	 4.459198e+01	-3.992077e-01	-7.788558e-01	 3.560138e+01	 1.672074e+00	-1.327606e+01	-5.497573e+01	-1.654308e-01	 1.547272e-01	 5.417790e-01	-5.822295e+00	-3.329721e+01	-1.042608e-03	 2.033935e-04	-1.226424e-03	-8.928714e-04	-3.256179e-03	 1.738052e-03	-2.094026e-04	 7.309789e-04	 5.942978e-04	 3.100137e-03	-2.529504e-01	-3.554890e-05	 2.906891e-02	 6.346551e-05	-1.109597e-11	-3.101116e-04	 5.196894e-01	-1.923602e-03	
 1.634360e-06	-3.582518e-06	-1.269401e-03	 1.668673e-04	 9.840903e-05	 5.630499e-05	-7.176527e-02	-9.540212e-05	-1.100626e-04	-3.992077e-01	 8.178154e-02	-4.705449e-02	-5.383643e-01	 9.206653e-01	 1.691134e+00	 6.385288e-01	 4.926961e-02	-6.047204e-03	 8.801228e-03	 1.074528e-01	 1.460738e-01	-4.941562e-06	-6.663218e-07	 4.008479e-05	-5.308643e-06	 3.919515e-05	 4.220145e-05	 4.386134e-06	-1.761318e-06	 8.765435e-06	-6.463440e-05	 5.226262e-03	 7.233531e-07	-8.862718e-04	-3.312042e-07	 3.528154e-13	 4.219837e-05	-1.381722e-02	 4.075030e-05	
 2.082747e-05	-1.014548e-04	-2.024516e-02	 8.627783e-04	 1.072224e-03	 5.618143e-04	 2.820029e-01	-1.112492e-03	-2.530117e-03	-7.788558e-01	-4.705449e-02	 3.933850e+00	-3.060868e+01	-3.191981e+00	 7.811198e+00	 5.444477e+00	-2.882433e+00	-2.115861e-01	 1.532016e-01	 2.697348e+00	 3.356771e+00	 5.054911e-04	 1.762649e-04	 7.929275e-04	-2.696628e-04	-1.133166e-04	-1.325026e-03	 1.111537e-04	-3.321036e-05	-2.907763e-06	-7.777046e-04	 5.154032e-02	 8.921372e-06	 3.662995e-03	-5.276540e-06	 1.818564e-12	-5.366320e-04	 7.695078e-03	 5.039847e-04	
-3.846549e-04	 1.805758e-03	 4.727775e-01	-1.795409e-02	-2.504285e-02	-1.305339e-02	-3.615729e+00	 1.647446e-02	 4.488740e-02	 3.560138e+01	-5.383643e-01	-3.060868e+01	 7.791216e+02	 6.835350e+01	-5.523151e+01	-6.077763e+01	 1.460444e+01	-6.248058e+00	 5.758743e+00	-1.240264e+01	-2.432819e+01	-1.041887e-03	-4.426356e-03	 1.878400e-03	 6.097189e-03	 4.682982e-03	 3.723196e-02	 3.681383e-03	 4.735883e-04	 3.872919e-03	 1.671703e-02	-1.218561e+00	-1.729435e-04	-4.450896e-02	 2.109856e-04	-3.789769e-11	 7.394759e-03	 4.669436e-01	-1.001405e-02	
-2.268928e-04	 1.329441e-03	 1.920606e-01	-4.651507e-03	-7.926495e-03	-4.855737e-03	 9.078487e+00	 3.290852e-03	 2.393948e-02	 1.672074e+00	 9.206653e-01	-3.191981e+00	 6.835350e+01	 6.164851e+01	 4.083569e+01	 1.574515e+01	-5.051684e+00	-4.363915e-01	-1.304176e+00	 3.538218e+00	 4.417307e+00	 7.548791e-04	 5.609347e-04	 1.100102e-03	 1.279026e-03	 3.631598e-03	 3.360444e-02	 8.917496e-05	 1.073735e-04	 8.332916e-04	 5.329896e-03	-4.302918e-01	-1.007165e-04	-9.703772e-02	 4.477259e-05	-9.827553e-12	 1.016728e-02	 1.460543e+00	-3.675417e-03	
-7.112801e-05	 7.350603e-04	 3.259964e-02	 4.563345e-03	 7.336965e-04	-3.843601e-04	 9.414232e+00	-6.086740e-03	 7.228830e-03	-1.327606e+01	 1.691134e+00	 7.811198e+00	-5.523151e+01	 4.083569e+01	 8.639614e+01	 5.433595e+01	-1.234903e+01	-8.732364e-01	-7.135298e-01	 5.128261e+00	 8.704012e+00	 1.191881e-03	 4.921684e-04	 4.876579e-03	 1.914396e-03	 4.576182e-03	 1.735538e-02	 4.497870e-04	-3.628217e-04	 8.540113e-04	-1.097148e-03	-1.867517e-02	-3.266864e-05	-1.139176e-01	-2.025359e-05	 9.627307e-12	 8.754419e-03	 1.132977e+00	 3.369914e-04	
 8.133041e-08	 4.587527e-04	 2.513798e-03	 1.113230e-02	 4.251689e-03	 1.462614e-03	 6.669329e+00	-1.163883e-02	 1.505574e-04	-5.497573e+01	 6.385288e-01	 5.444477e+00	-6.077763e+01	 1.574515e+01	 5.433595e+01	 1.045980e+02	-9.758307e+00	-6.703374e-01	-1.285628e+00	 5.569176e+00	 3.364080e+01	 1.945672e-03	 4.636493e-05	 2.344568e-03	 3.175892e-03	 7.175088e-03	 1.111624e-02	 4.829334e-04	-1.347647e-03	 1.907708e-03	-3.471369e-03	 1.483696e-01	-1.706303e-06	-1.202315e-01	-8.630530e-05	 2.350208e-11	 9.430749e-03	 6.363959e-01	 1.850860e-03	
-3.681561e-05	 9.720106e-05	 4.046326e-02	-3.175204e-03	-2.416978e-03	-1.199684e-03	-2.491579e+00	 3.598830e-03	 4.398161e-03	-1.654308e-01	 4.926961e-02	-2.882433e+00	 1.460444e+01	-5.051684e+00	-1.234903e+01	-9.758307e+00	 6.221286e+00	 1.325823e-01	-1.866046e-01	-2.175713e+00	-2.463917e+00	-4.032612e-04	-1.302118e-04	-2.905453e-04	 2.672857e-04	 2.659058e-04	 1.239673e-03	-8.122796e-05	 5.618478e-06	-1.080597e-04	 1.976849e-03	-1.130248e-01	-1.564922e-05	 1.514576e-02	 2.336860e-05	-6.695715e-12	-4.535484e-04	-2.052429e-01	-1.217994e-03	
-6.448576e-07	-3.372080e-05	 1.363223e-03	-6.679070e-04	 3.465439e-04	-9.850320e-05	-1.549751e-02	 2.048000e-05	-5.141386e-04	 1.547272e-01	-6.047204e-03	-2.115861e-01	-6.248058e+00	-4.363915e-01	-8.732364e-01	-6.703374e-01	 1.325823e-01	 3.346175e+00	 5.661668e-01	 1.806924e-01	 1.471136e-01	-5.610258e-04	 3.839990e-04	 4.606814e-04	-2.403042e-04	-1.430162e-04	-8.051286e-04	 1.753582e-04	-2.217599e-06	-2.604806e-05	-2.564137e-05	-9.778717e-03	 1.897087e-07	 9.298399e-03	 3.828447e-06	-1.409206e-12	-4.239362e-04	-6.314955e-03	 2.053702e-05	
-7.918495e-06	-1.354797e-05	 5.816956e-03	-1.431677e-03	-3.010461e-04	-3.371951e-04	-3.205795e-01	 1.297803e-03	 5.199852e-04	 5.417790e-01	 8.801228e-03	 1.532016e-01	 5.758743e+00	-1.304176e+00	-7.135298e-01	-1.285628e+00	-1.866046e-01	 5.661668e-01	 3.192158e+00	 2.731554e+00	 2.751556e+00	 1.845261e-04	-4.661176e-04	 8.075651e-05	-1.944098e-04	 9.181627e-04	 2.388496e-05	-1.813520e-04	-4.082369e-05	-6.112188e-05	 4.959014e-04	-3.223178e-02	-3.283626e-06	 1.230415e-02	 7.453500e-06	-3.020810e-12	-6.350467e-04	-2.642737e-03	-2.864635e-04	
-1.205010e-05	 1.825679e-05	 2.276510e-02	-1.405048e-03	-3.341416e-04	-3.973966e-04	-4.074389e-01	 1.503004e-03	 1.384592e-03	-5.822295e+00	 1.074528e-01	 2.697348e+00	-1.240264e+01	 3.538218e+00	 5.128261e+00	 5.569176e+00	-2.175713e+00	 1.806924e-01	 2.731554e+00	 1.088479e+01	 1.941770e+01	 1.035572e-03	-8.280294e-05	-2.548331e-04	-5.562356e-04	 4.561527e-04	 7.970463e-03	-2.167083e-05	 4.015302e-04	-4.699786e-05	 8.996048e-04	-3.718048e-02	-5.313646e-06	 8.646178e-03	 7.356064e-06	-2.966344e-12	-1.600277e-04	 2.174829e-02	-5.003686e-04	
 7.544185e-06	-1.250191e-05	 3.251904e-02	 2.026136e-03	 1.207937e-03	 1.878034e-04	-4.552026e-01	-3.174657e-04	 1.716671e-05	-3.329721e+01	 1.460738e-01	 3.356771e+00	-2.432819e+01	 4.417307e+00	 8.704012e+00	 3.364080e+01	-2.463917e+00	 1.471136e-01	 2.751556e+00	 1.941770e+01	 5.378770e+01	 1.898114e-03	-1.512837e-04	 1.063870e-03	 1.059533e-04	 1.470034e-03	 1.630270e-02	 8.086533e-05	 9.028172e-04	 9.052553e-04	 5.249666e-04	 1.606723e-02	 2.895549e-06	-4.864535e-03	-2.023669e-05	 4.283606e-12	 1.425843e-03	 1.441860e-03	-1.689963e-04	
-5.499700e-08	 5.578833e-07	 7.165157e-05	-8.730167e-07	-1.369938e-06	-1.458365e-06	 5.974127e-03	 9.385478e-10	 1.124657e-05	-1.042608e-03	-4.941562e-06	 5.054911e-04	-1.041887e-03	 7.548791e-04	 1.191881e-03	 1.945672e-03	-4.032612e-04	-5.610258e-04	 1.845261e-04	 1.035572e-03	 1.898114e-03	 1.448174e-03	 2.711562e-04	 9.167702e-05	-3.654456e-04	-1.070253e-04	-1.116470e-04	 5.322214e-08	-1.060401e-07	 3.237993e-07	 2.051084e-06	-1.314720e-04	-2.824049e-08	-8.364161e-05	-9.126516e-08	-1.826810e-15	 5.016475e-06	 1.081817e-03	-1.429129e-06	
-6.312001e-08	 3.290824e-07	-1.147644e-04	-2.838261e-06	-1.052062e-07	-1.861638e-06	-1.693017e-02	 7.013551e-06	 7.697278e-06	 2.033935e-04	-6.663218e-07	 1.762649e-04	-4.426356e-03	 5.609347e-04	 4.921684e-04	 4.636493e-05	-1.302118e-04	 3.839990e-04	-4.661176e-04	-8.280294e-05	-1.512837e-04	 2.711562e-04	 8.708247e-04	 3.079921e-05	 7.336831e-04	 4.305045e-05	-7.309850e-04	 5.891955e-09	 1.656975e-08	 2.237743e-07	-1.603074e-06	-1.654299e-04	-2.192518e-08	-1.990062e-05	-9.074942e-08	-6.044042e-15	 1.586376e-06	-2.182463e-03	-3.588347e-07	
-1.010776e-07	 8.743936e-07	-1.640424e-04	-5.297065e-06	-2.251131e-06	-3.007191e-06	 2.161679e-02	-6.064416e-06	 8.866966e-06	-1.226424e-03	 4.008479e-05	 7.929275e-04	 1.878400e-03	 1.100102e-03	 4.876579e-03	 2.344568e-03	-2.905453e-04	 4.606814e-04	 8.075651e-05	-2.548331e-04	 1.063870e-03	 9.167702e-05	 3.079921e-05	 7.237256e-03	-3.005274e-04	 6.246348e-04	 4.488475e-03	 1.311247e-08	 1.045936e-07	-6.202047e-07	-4.542798e-06	-2.473279e-04	-4.624793e-08	-1.173950e-04	-2.227505e-07	-1.128704e-14	 3.679011e-06	 2.583408e-03	 5.991786e-07	
-2.572094e-07	 1.843252e-06	 7.494211e-05	-4.097068e-06	-3.907853e-06	-3.846477e-06	-7.682014e-03	 3.121138e-06	 3.302291e-05	-8.928714e-04	-5.308643e-06	-2.696628e-04	 6.097189e-03	 1.279026e-03	 1.914396e-03	 3.175892e-03	 2.672857e-04	-2.403042e-04	-1.944098e-04	-5.562356e-04	 1.059533e-04	-3.654456e-04	 7.336831e-04	-3.005274e-04	 2.904519e-03	 5.207722e-04	-9.435731e-04	 8.118943e-08	 8.437454e-08	-1.608985e-07	 3.310271e-06	-3.190794e-04	-1.044455e-07	-2.043096e-04	-2.446138e-07	-8.605302e-15	 1.595141e-05	-1.280188e-03	-3.664730e-06	
-4.439707e-07	 2.821953e-06	 3.042318e-05	-2.520933e-06	-5.942828e-06	-3.785584e-06	 5.084374e-03	 2.716770e-06	 4.545476e-05	-3.256179e-03	 3.919515e-05	-1.133166e-04	 4.682982e-03	 3.631598e-03	 4.576182e-03	 7.175088e-03	 2.659058e-04	-1.430162e-04	 9.181627e-04	 4.561527e-04	 1.470034e-03	-1.070253e-04	 4.305045e-05	 6.246348e-04	 5.207722e-04	 6.423470e-03	 7.957873e-03	-1.657136e-07	-1.863282e-07	 3.571590e-08	-1.035045e-06	-2.590720e-04	-1.867744e-07	-2.534588e-04	-2.886921e-07	-5.271441e-15	 2.539728e-05	 6.445513e-05	-3.328296e-06	
-2.405391e-06	 1.892942e-05	 2.826229e-03	 7.559629e-07	-4.578990e-05	-2.516650e-05	 3.632161e-02	-2.071934e-05	 3.649865e-04	 1.738052e-03	 4.220145e-05	-1.325026e-03	 3.723196e-02	 3.360444e-02	 1.735538e-02	 1.111624e-02	 1.239673e-03	-8.051286e-04	 2.388496e-05	 7.970463e-03	 1.630270e-02	-1.116470e-04	-7.309850e-04	 4.488475e-03	-9.435731e-04	 7.957873e-03	 7.214769e-02	-4.415092e-07	-3.011919e-07	 6.515283e-06	 5.635288e-05	-1.810021e-03	-1.053504e-06	-2.314496e-03	-1.821420e-06	 1.085983e-15	 1.934092e-04	 4.248171e-03	-4.629011e-05	
 2.994710e-09	-6.005966e-09	 2.052802e-07	 1.741181e-07	-7.526372e-08	-2.432245e-09	-7.093463e-05	-2.820035e-07	-2.374831e-07	-2.094026e-04	 4.386134e-06	 1.111537e-04	 3.681383e-03	 8.917496e-05	 4.497870e-04	 4.829334e-04	-8.122796e-05	 1.753582e-04	-1.813520e-04	-2.167083e-05	 8.086533e-05	 5.322214e-08	 5.891955e-09	 1.311247e-08	 8.118943e-08	-1.657136e-07	-4.415092e-07	 3.752457e-07	-6.569041e-10	 1.855628e-08	-6.164300e-08	-8.870863e-07	 1.178261e-09	-1.678022e-06	 4.669815e-10	 3.681282e-16	-4.197737e-08	-1.212167e-05	 5.340005e-08	
-1.896418e-09	 9.815771e-09	 3.519193e-06	-1.648679e-07	-8.240429e-08	-8.264867e-08	 3.355821e-04	 2.110007e-07	 2.241170e-07	 7.309789e-04	-1.761318e-06	-3.321036e-05	 4.735883e-04	 1.073735e-04	-3.628217e-04	-1.347647e-03	 5.618478e-06	-2.217599e-06	-4.082369e-05	 4.015302e-04	 9.028172e-04	-1.060401e-07	 1.656975e-08	 1.045936e-07	 8.437454e-08	-1.863282e-07	-3.011919e-07	-6.569041e-10	 3.853997e-07	-4.407453e-09	 1.476893e-07	-7.705878e-06	-9.217835e-10	-4.218747e-07	 1.352769e-09	-3.497137e-16	 3.328681e-08	 5.373572e-05	-7.272559e-08	
 1.648985e-08	-1.565492e-07	 7.981893e-05	 1.237267e-05	 2.793397e-07	-9.451248e-07	 1.018984e-03	-6.737822e-06	-1.952827e-06	 5.942978e-04	 8.765435e-06	-2.907763e-06	 3.872919e-03	 8.332916e-04	 8.540113e-04	 1.907708e-03	-1.080597e-04	-2.604806e-05	-6.112188e-05	-4.699786e-05	 9.052553e-04	 3.237993e-07	 2.237743e-07	-6.202047e-07	-1.608985e-07	 3.571590e-08	 6.515283e-06	 1.855628e-08	-4.407453e-09	 7.112922e-06	-1.256976e-07	-1.055649e-04	 4.456049e-09	 2.459109e-05	 1.232979e-08	 2.611165e-14	 4.598812e-06	 9.948667e-05	 2.422939e-07	
-2.699832e-07	 2.278368e-06	 1.605215e-02	 9.619715e-06	-8.921853e-06	 2.382147e-06	 3.710611e-01	 3.067773e-04	 5.566652e-04	 3.100137e-03	-6.463440e-05	-7.777046e-04	 1.671703e-02	 5.329896e-03	-1.097148e-03	-3.471369e-03	 1.976849e-03	-2.564137e-05	 4.959014e-04	 8.996048e-04	 5.249666e-04	 2.051084e-06	-1.603074e-06	-4.542798e-06	 3.310271e-06	-1.035045e-06	 5.635288e-05	-6.164300e-08	 1.476893e-07	-1.256976e-07	 5.171996e-04	-2.593220e-05	-2.023153e-07	-2.496149e-04	 1.814549e-08	 2.034343e-14	 1.871578e-04	 7.003764e-02	-2.335697e-04	
 1.870056e-05	-2.188627e-04	 5.343408e-04	 1.350094e-02	 8.182260e-04	 7.130684e-03	-2.863206e+00	 1.109143e-04	-2.012199e-03	-2.529504e-01	 5.226262e-03	 5.154032e-02	-1.218561e+00	-4.302918e-01	-1.867517e-02	 1.483696e-01	-1.130248e-01	-9.778717e-03	-3.223178e-02	-3.718048e-02	 1.606723e-02	-1.314720e-04	-1.654299e-04	-2.473279e-04	-3.190794e-04	-2.590720e-04	-1.810021e-03	-8.870863e-07	-7.705878e-06	-1.055649e-04	-2.593220e-05	 7.101661e-01	 8.748571e-06	 3.719208e-02	 1.638408e-05	 2.850466e-11	 4.189958e-03	-3.745268e-01	 6.081601e-05	
 9.877415e-09	-5.868929e-08	-8.291472e-06	 1.220314e-07	 1.555460e-07	 1.129505e-07	-2.286117e-03	-2.100736e-08	-6.028326e-07	-3.554890e-05	 7.233531e-07	 8.921372e-06	-1.729435e-04	-1.007165e-04	-3.266864e-05	-1.706303e-06	-1.564922e-05	 1.897087e-07	-3.283626e-06	-5.313646e-06	 2.895549e-06	-2.824049e-08	-2.192518e-08	-4.624793e-08	-1.044455e-07	-1.867744e-07	-1.053504e-06	 1.178261e-09	-9.217835e-10	 4.456049e-09	-2.023153e-07	 8.748571e-06	 5.218692e-09	 3.908666e-06	 3.900607e-09	 2.590345e-16	-5.314684e-07	-3.269763e-04	 1.094158e-07	
 1.026396e-05	-4.163420e-04	-9.391374e-03	-1.622750e-04	 9.280963e-04	 4.316490e-04	 8.750504e-01	 2.603696e-04	-5.234915e-03	 2.906891e-02	-8.862718e-04	 3.662995e-03	-4.450896e-02	-9.703772e-02	-1.139176e-01	-1.202315e-01	 1.514576e-02	 9.298399e-03	 1.230415e-02	 8.646178e-03	-4.864535e-03	-8.364161e-05	-1.990062e-05	-1.173950e-04	-2.043096e-04	-2.534588e-04	-2.314496e-03	-1.678022e-06	-4.218747e-07	 2.459109e-05	-2.496149e-04	 3.719208e-02	 3.908666e-06	 9.897692e-02	 2.054387e-05	-3.452971e-13	-3.151765e-03	 1.596602e-01	 1.707617e-04	
 1.202726e-08	-1.252776e-07	-5.438640e-06	 2.117946e-07	 4.006658e-07	 1.796168e-07	 9.597631e-04	 4.642288e-07	-4.103702e-06	 6.346551e-05	-3.312042e-07	-5.276540e-06	 2.109856e-04	 4.477259e-05	-2.025359e-05	-8.630530e-05	 2.336860e-05	 3.828447e-06	 7.453500e-06	 7.356064e-06	-2.023669e-05	-9.126516e-08	-9.074942e-08	-2.227505e-07	-2.446138e-07	-2.886921e-07	-1.821420e-06	 4.669815e-10	 1.352769e-09	 1.232979e-08	 1.814549e-08	 1.638408e-05	 3.900607e-09	 2.054387e-05	 1.608334e-07	 4.398628e-16	-1.358911e-06	 1.544464e-04	 4.203926e-07	
 5.848963e-16	-1.081488e-15	 1.071948e-12	 6.316686e-13	 1.203632e-14	 2.866294e-13	-8.418255e-11	-1.818624e-14	 2.708388e-14	-1.109597e-11	 3.528154e-13	 1.818564e-12	-3.789769e-11	-9.827553e-12	 9.627307e-12	 2.350208e-11	-6.695715e-12	-1.409206e-12	-3.020810e-12	-2.966344e-12	 4.283606e-12	-1.826810e-15	-6.044042e-15	-1.128704e-14	-8.605302e-15	-5.271441e-15	 1.085983e-15	 3.681282e-16	-3.497137e-16	 2.611165e-14	 2.034343e-14	 2.850466e-11	 2.590345e-16	-3.452971e-13	 4.398628e-16	 1.334682e-21	 2.696615e-13	-1.091703e-11	-7.142759e-15	
-1.237696e-06	 1.714596e-05	 9.321987e-03	 1.276142e-04	-3.599956e-05	 3.901803e-05	-9.689416e-02	-2.002321e-04	 4.735968e-04	-3.101116e-04	 4.219837e-05	-5.366320e-04	 7.394759e-03	 1.016728e-02	 8.754419e-03	 9.430749e-03	-4.535484e-04	-4.239362e-04	-6.350467e-04	-1.600277e-04	 1.425843e-03	 5.016475e-06	 1.586376e-06	 3.679011e-06	 1.595141e-05	 2.539728e-05	 1.934092e-04	-4.197737e-08	 3.328681e-08	 4.598812e-06	 1.871578e-04	 4.189958e-03	-5.314684e-07	-3.151765e-03	-1.358911e-06	 2.696615e-13	 2.823177e-04	-8.947454e-03	-9.435190e-05	
-1.014038e-04	 4.914003e-04	 1.827651e+00	-4.984650e-03	-3.125113e-03	-3.862752e-03	 1.932888e+03	 8.507240e-02	-2.653848e-01	 5.196894e-01	-1.381722e-02	 7.695078e-03	 4.669436e-01	 1.460543e+00	 1.132977e+00	 6.363959e-01	-2.052429e-01	-6.314955e-03	-2.642737e-03	 2.174829e-02	 1.441860e-03	 1.081817e-03	-2.182463e-03	 2.583408e-03	-1.280188e-03	 6.445513e-05	 4.248171e-03	-1.212167e-05	 5.373572e-05	 9.948667e-05	 7.003764e-02	-3.745268e-01	-3.269763e-04	 1.596602e-01	 1.544464e-04	-1.091703e-11	-8.947454e-03	 2.530698e+02	-1.397396e-03	
 2.736669e-07	-1.775050e-06	-6.757673e-03	-3.331193e-06	 6.059264e-06	-4.163688e-07	 7.051485e-02	-2.390657e-04	-3.391581e-04	-1.923602e-03	 4.075030e-05	 5.039847e-04	-1.001405e-02	-3.675417e-03	 3.369914e-04	 1.850860e-03	-1.217994e-03	 2.053702e-05	-2.864635e-04	-5.003686e-04	-1.689963e-04	-1.429129e-06	-3.588347e-07	 5.991786e-07	-3.664730e-06	-3.328296e-06	-4.629011e-05	 5.340005e-08	-7.272559e-08	 2.422939e-07	-2.335697e-04	 6.081601e-05	 1.094158e-07	 1.707617e-04	 4.203926e-07	-7.142759e-15	-9.435190e-05	-1.397396e-03	 1.187152e-04	
