#          omega_b,        omega_cdm,               H0,     ln10^{10}A_s,              n_s,         tau_reio, scf_parameters__2, scf_parameters__3, scf_parameters__6,        A_cib_217,        xi_sz_cib,             A_sz,     ps_A_100_100,     ps_A_143_143,     ps_A_143_217,     ps_A_217_217,         ksz_norm,     gal545_A_100,     gal545_A_143, gal545_A_143_217,     gal545_A_217,    galf_TE_A_100, galf_TE_A_100_143, galf_TE_A_100_217,    galf_TE_A_143, galf_TE_A_143_217,    galf_TE_A_217,       calib_100T,       calib_217T,         A_planck,                M,           z_reio,              YHe,             rs_d,      100*theta_s,              A_s,           sigma8,          z_trans,        Omega_m_0
 2.076009e-08	-1.162687e-07	 1.839267e-05	 2.077525e-07	 2.976110e-07	 2.119259e-07	-1.682076e-04	-4.127305e-07	-2.607133e-06	-7.251899e-05	 1.489117e-06	 1.977362e-05	-3.701928e-04	-2.117471e-04	-6.796463e-05	-9.956000e-06	-3.216232e-05	-2.713434e-07	-6.373315e-06	-9.312672e-06	 6.342737e-06	-5.584268e-08	-6.275884e-08	-9.007127e-08	-2.787953e-07	-5.501208e-07	-2.270618e-06	 2.203808e-09	-1.636073e-09	-4.464587e-09	 7.257196e-08	 1.590870e-05	 8.886955e-09	 7.644345e-06	 1.099549e-08	 4.376807e-16	-8.129541e-07	-4.076768e-05	 1.673581e-07	
-1.162687e-07	 1.910210e-06	-1.270604e-04	-2.508033e-08	-4.558822e-06	-2.267129e-06	 8.915627e-04	-9.852510e-07	 3.440185e-05	 2.278482e-04	-4.500618e-06	-8.891804e-05	 1.680258e-03	 1.189567e-03	 6.421122e-04	 4.322097e-04	 9.269702e-05	-3.241114e-05	-1.218993e-05	-4.639246e-07	-4.037797e-05	 3.243963e-07	 1.863540e-07	 4.659107e-07	 1.900392e-06	 3.547760e-06	 1.639067e-05	-3.390870e-09	 7.902024e-09	-5.004528e-08	-2.756368e-08	-1.851383e-04	-4.861319e-08	-3.765252e-04	-1.164999e-07	-6.175647e-17	 1.304374e-05	 1.357043e-04	-1.089087e-06	
 1.839267e-05	-1.270604e-04	 3.875508e+00	 5.668546e-04	 5.337845e-04	 2.773263e-04	-6.889211e+00	-2.548375e-01	 2.507983e-02	-1.468242e-01	 4.879029e-03	 3.393898e-02	-6.767046e-01	-2.520053e-01	 5.978003e-02	 1.790910e-01	-9.588344e-02	 3.942897e-03	-1.337990e-02	-1.135487e-02	 4.693258e-02	 1.243722e-05	 5.963766e-05	-3.453376e-04	 4.861793e-04	-7.033788e-04	-1.271998e-03	-6.550562e-07	-6.806986e-07	 1.369267e-04	 2.262591e-02	 1.531614e-02	 8.575005e-06	 1.259099e-02	 8.410856e-06	 1.192272e-12	 3.186206e-02	-2.373058e+00	-7.551000e-03	
 2.077525e-07	-2.508033e-08	 5.668546e-04	 2.737378e-04	 4.923209e-06	 1.235940e-04	-7.957387e-03	 2.708494e-05	 5.077224e-05	-4.617502e-03	 1.387388e-04	 7.082691e-04	-1.837466e-02	-4.325038e-03	 4.238021e-03	 1.046683e-02	-3.099609e-03	-5.197537e-04	-1.181929e-03	-1.320636e-03	 1.782959e-03	 7.442069e-08	-2.162837e-06	-5.391135e-06	-4.952503e-06	-3.350578e-06	 6.551533e-06	 1.038396e-07	-1.437002e-07	 1.162363e-05	 3.782589e-05	 1.236504e-02	 9.909579e-08	-2.207316e-04	 1.163471e-07	 5.771402e-13	 1.183967e-04	 2.485472e-04	-1.923656e-05	
 2.976110e-07	-4.558822e-06	 5.337845e-04	 4.923209e-06	 2.000212e-05	 8.967810e-06	-5.831567e-03	-1.353868e-05	-8.663215e-05	-4.349977e-03	 9.940833e-05	 1.016095e-03	-2.444921e-02	-7.496716e-03	 8.469266e-04	 3.825182e-03	-2.265512e-03	 3.673974e-04	-3.038870e-04	-2.929078e-04	 1.140185e-03	-8.875974e-07	 1.816753e-07	-5.943428e-07	-4.757163e-06	-6.626962e-06	-3.612771e-05	-7.916779e-08	-7.052515e-08	-2.187840e-07	-4.743310e-07	 7.959520e-04	 1.276327e-07	 8.746573e-04	 3.773526e-07	 1.041189e-14	-2.517108e-05	-1.133989e-03	 3.648777e-06	
 2.119259e-07	-2.267129e-06	 2.773263e-04	 1.235940e-04	 8.967810e-06	 6.600910e-05	-6.540345e-03	 2.894053e-05	-7.871002e-06	-2.502620e-03	 4.716779e-05	 4.991794e-04	-1.374499e-02	-4.792236e-03	-4.178744e-04	 1.266562e-03	-1.240829e-03	-2.466324e-05	-2.273195e-04	-3.640273e-04	 9.501119e-05	-1.036956e-06	-9.455115e-07	-2.867371e-06	-3.955927e-06	-5.452280e-06	-2.405296e-05	-3.456048e-08	-7.607726e-08	-1.312866e-06	 2.358035e-05	 6.557523e-03	 9.744278e-08	 3.648929e-04	 1.675004e-07	 2.606137e-13	 3.818823e-05	 1.238905e-04	-1.111550e-05	
-1.682076e-04	 8.915627e-04	-6.889211e+00	-7.957387e-03	-5.831567e-03	-6.540345e-03	 1.637902e+04	 1.132259e+00	-1.005620e+00	-4.336866e+00	 1.987202e-01	 7.077554e-01	-1.584297e+01	-3.439223e-01	 6.384609e+00	 7.448097e+00	-1.790801e+00	-1.111435e-01	-3.022252e-01	-2.834092e-02	-3.177014e-01	-1.580894e-03	 8.864245e-03	 2.626306e-02	-1.130113e-02	-1.675310e-02	 1.515433e-02	 5.180498e-05	-3.047801e-04	-3.775283e-03	 4.704930e-01	-1.036307e+00	-2.562104e-03	 1.528688e+00	 2.212283e-03	-1.659976e-11	-9.724393e-02	 2.118160e+03	-1.119698e-01	
-4.127305e-07	-9.852510e-07	-2.548375e-01	 2.708494e-05	-1.353868e-05	 2.894053e-05	 1.132259e+00	 2.481406e-02	 1.615162e-03	 1.616523e-02	-4.083421e-04	-2.998279e-03	 7.001893e-02	 1.393561e-02	-1.487259e-02	-3.028530e-02	 1.104333e-02	 5.816683e-04	 2.508259e-03	 3.154166e-03	-2.666533e-03	 4.005178e-06	-1.372900e-05	 1.326431e-05	-4.700291e-05	 2.143755e-05	-6.793287e-05	 8.801549e-08	 2.132290e-07	-1.169278e-05	 3.542417e-04	 2.084348e-03	-3.590035e-07	 8.519008e-04	 7.420915e-07	 5.725883e-14	-1.946541e-03	 3.635505e-01	-5.789647e-04	
-2.607133e-06	 3.440185e-05	 2.507983e-02	 5.077224e-05	-8.663215e-05	-7.871002e-06	-1.005620e+00	 1.615162e-03	 4.538654e-03	 1.479881e-02	-3.344650e-04	-3.207082e-03	 7.763427e-02	 3.157879e-02	 5.261274e-03	-9.056000e-03	 7.484828e-03	 2.144708e-04	 1.939378e-03	 3.056264e-03	-1.624127e-04	 1.326234e-05	-1.258856e-06	 6.317371e-06	 4.900862e-05	 9.585343e-05	 3.286519e-04	-1.788331e-07	 5.795093e-07	-4.193457e-06	 1.946840e-03	-1.340942e-03	-9.068925e-07	-6.322187e-03	-3.502659e-06	 1.072753e-13	 6.786157e-04	-3.255096e-02	-1.137551e-03	
-7.251899e-05	 2.278482e-04	-1.468242e-01	-4.617502e-03	-4.349977e-03	-2.502620e-03	-4.336866e+00	 1.616523e-02	 1.479881e-02	 4.431907e+01	-3.984271e-01	-7.537114e-01	 3.523320e+01	 1.481000e+00	-1.313075e+01	-5.453062e+01	-2.993409e-01	 1.745182e-01	 5.923732e-01	-5.802351e+00	-3.316915e+01	-3.910043e-04	 3.815042e-04	 2.660468e-03	-7.872994e-04	-4.729973e-03	-8.476491e-04	-1.924178e-04	 7.075608e-04	 7.310369e-04	 4.047139e-03	-2.376802e-01	-2.999910e-05	 1.965702e-02	 2.841481e-05	-9.730985e-12	-1.412867e-03	-1.546379e-01	-3.164623e-03	
 1.489117e-06	-4.500618e-06	 4.879029e-03	 1.387388e-04	 9.940833e-05	 4.716779e-05	 1.987202e-01	-4.083421e-04	-3.344650e-04	-3.984271e-01	 8.164008e-02	-4.553828e-02	-5.708571e-01	 9.181507e-01	 1.693452e+00	 6.376878e-01	 4.813529e-02	-6.081457e-03	 8.639003e-03	 1.084674e-01	 1.451333e-01	-3.719280e-05	-1.827744e-05	-9.446695e-05	-2.235072e-05	 8.616031e-05	 1.930482e-04	 4.509410e-06	-2.277788e-06	 4.994462e-06	-1.007799e-04	 4.430955e-03	 5.755202e-07	-4.273898e-04	-6.739089e-07	 2.930706e-13	 6.521156e-05	 1.611030e-02	 7.500256e-05	
 1.977362e-05	-8.891804e-05	 3.393898e-02	 7.082691e-04	 1.016095e-03	 4.991794e-04	 7.077554e-01	-2.998279e-03	-3.207082e-03	-7.537114e-01	-4.553828e-02	 3.913483e+00	-3.054696e+01	-3.192474e+00	 7.761010e+00	 5.375572e+00	-2.841503e+00	-2.034914e-01	 1.562714e-01	 2.684926e+00	 3.316229e+00	 2.871713e-04	 4.689046e-06	 5.314235e-04	-3.980317e-04	-7.607799e-04	-3.833490e-03	 1.044078e-04	-3.329326e-05	-3.654782e-05	-5.930526e-04	 4.570417e-02	 8.307286e-06	 1.624122e-03	 2.191546e-06	 1.493273e-12	-9.278255e-05	 1.267601e-02	 5.519314e-04	
-3.701928e-04	 1.680258e-03	-6.767046e-01	-1.837466e-02	-2.444921e-02	-1.374499e-02	-1.584297e+01	 7.001893e-02	 7.763427e-02	 3.523320e+01	-5.708571e-01	-3.054696e+01	 7.809045e+02	 6.860260e+01	-5.513413e+01	-5.959110e+01	 1.419881e+01	-6.436564e+00	 5.598671e+00	-1.244607e+01	-2.405700e+01	 2.651838e-03	-1.332864e-03	 1.090636e-03	 8.527470e-03	-2.808680e-03	 2.626024e-02	 3.732854e-03	 4.902191e-04	 4.646520e-03	 1.864612e-02	-1.298801e+00	-1.542116e-04	-3.568791e-02	 3.876203e-05	-3.878151e-11	-1.586146e-03	-2.383737e-01	-1.499562e-02	
-2.117471e-04	 1.189567e-03	-2.520053e-01	-4.325038e-03	-7.496716e-03	-4.792236e-03	-3.439223e-01	 1.393561e-02	 3.157879e-02	 1.481000e+00	 9.181507e-01	-3.192474e+00	 6.860260e+01	 6.156007e+01	 4.076749e+01	 1.601601e+01	-5.154654e+00	-4.760608e-01	-1.317332e+00	 3.534124e+00	 4.460493e+00	 4.384842e-04	 6.848833e-04	-8.604985e-04	 3.054548e-03	 7.025324e-03	 3.800516e-02	 9.407132e-05	 8.231153e-05	 1.113887e-03	 2.118069e-03	-4.285754e-01	-8.951028e-05	-7.988023e-02	-1.418651e-05	-9.117578e-12	 5.563801e-03	 3.602526e-01	-3.412198e-03	
-6.796463e-05	 6.421122e-04	 5.978003e-02	 4.238021e-03	 8.469266e-04	-4.178744e-04	 6.384609e+00	-1.487259e-02	 5.261274e-03	-1.313075e+01	 1.693452e+00	 7.761010e+00	-5.513413e+01	 4.076749e+01	 8.605489e+01	 5.389351e+01	-1.226106e+01	-8.815286e-01	-7.060025e-01	 5.130166e+00	 8.540994e+00	 6.521539e-04	-2.360243e-04	 1.235196e-03	 2.149940e-03	 5.675701e-03	 1.284520e-02	 4.334903e-04	-3.840489e-04	 8.430720e-04	-4.326634e-03	-1.963555e-02	-2.988253e-05	-9.370300e-02	-3.095557e-05	 8.948083e-12	 7.660496e-03	 5.096310e-01	 1.897253e-03	
-9.956000e-06	 4.322097e-04	 1.790910e-01	 1.046683e-02	 3.825182e-03	 1.266562e-03	 7.448097e+00	-3.028530e-02	-9.056000e-03	-5.453062e+01	 6.376878e-01	 5.375572e+00	-5.959110e+01	 1.601601e+01	 5.389351e+01	 1.037171e+02	-9.489042e+00	-7.263192e-01	-1.313704e+00	 5.600094e+00	 3.347328e+01	 1.935063e-03	-4.500851e-04	-1.265044e-03	 2.958337e-03	 9.962416e-03	 1.523211e-02	 4.585461e-04	-1.332520e-03	 1.792973e-03	-8.928704e-03	 1.402602e-01	-5.618888e-06	-1.022958e-01	-5.637599e-05	 2.206015e-11	 9.380258e-03	 2.428951e-01	 5.181324e-03	
-3.216232e-05	 9.269702e-05	-9.588344e-02	-3.099609e-03	-2.265512e-03	-1.240829e-03	-1.790801e+00	 1.104333e-02	 7.484828e-03	-2.993409e-01	 4.813529e-02	-2.841503e+00	 1.419881e+01	-5.154654e+00	-1.226106e+01	-9.489042e+00	 6.117715e+00	 1.352609e-01	-1.923602e-01	-2.160830e+00	-2.359462e+00	-3.847705e-04	-1.016759e-04	-5.612284e-04	 2.659975e-04	 2.740606e-04	-1.069726e-03	-7.475485e-05	 5.280359e-06	-3.267182e-05	 2.647232e-03	-1.190553e-01	-1.337160e-05	 1.095738e-02	 4.183220e-06	-6.532669e-12	-1.384147e-03	 2.298517e-02	-1.887929e-03	
-2.713434e-07	-3.241114e-05	 3.942897e-03	-5.197537e-04	 3.673974e-04	-2.466324e-05	-1.111435e-01	 5.816683e-04	 2.144708e-04	 1.745182e-01	-6.081457e-03	-2.034914e-01	-6.436564e+00	-4.760608e-01	-8.815286e-01	-7.263192e-01	 1.352609e-01	 3.351845e+00	 5.436540e-01	 1.476669e-01	 8.629944e-02	-4.928030e-04	 1.908659e-04	 1.484246e-04	-1.330886e-04	 1.197405e-04	-2.147379e-04	 1.752234e-04	-3.511967e-06	-3.840733e-05	 4.429234e-04	-3.251049e-03	-1.819071e-07	 8.911520e-03	 4.177529e-06	-1.092527e-12	-2.687567e-04	 2.197803e-02	-2.338558e-04	
-6.373315e-06	-1.218993e-05	-1.337990e-02	-1.181929e-03	-3.038870e-04	-2.273195e-04	-3.022252e-01	 2.508259e-03	 1.939378e-03	 5.923732e-01	 8.639003e-03	 1.562714e-01	 5.598671e+00	-1.317332e+00	-7.060025e-01	-1.313704e+00	-1.923602e-01	 5.436540e-01	 3.168003e+00	 2.688225e+00	 2.657296e+00	 1.578940e-04	-1.510500e-04	-3.545427e-04	-3.995987e-05	-1.364711e-04	-8.388557e-04	-1.813096e-04	-3.976779e-05	-5.840884e-05	 1.098948e-03	-2.227148e-02	-2.548016e-06	 1.017937e-02	 5.164617e-06	-2.490600e-12	-6.001576e-04	 3.914816e-02	-6.735972e-04	
-9.312672e-06	-4.639246e-07	-1.135487e-02	-1.320636e-03	-2.929078e-04	-3.640273e-04	-2.834092e-02	 3.154166e-03	 3.056264e-03	-5.802351e+00	 1.084674e-01	 2.684926e+00	-1.244607e+01	 3.534124e+00	 5.130166e+00	 5.600094e+00	-2.160830e+00	 1.476669e-01	 2.688225e+00	 1.081709e+01	 1.930634e+01	 4.919501e-04	 1.520521e-04	-1.509111e-03	-6.027876e-04	-3.347176e-05	 6.379779e-03	-2.840922e-05	 4.077488e-04	-3.196808e-05	 1.526009e-03	-3.540194e-02	-3.723983e-06	 1.027338e-02	 3.484088e-06	-2.786850e-12	-4.741056e-04	 9.104836e-02	-9.467429e-04	
 6.342737e-06	-4.037797e-05	 4.693258e-02	 1.782959e-03	 1.140185e-03	 9.501119e-05	-3.177014e-01	-2.666533e-03	-1.624127e-04	-3.316915e+01	 1.451333e-01	 3.316229e+00	-2.405700e+01	 4.460493e+00	 8.540994e+00	 3.347328e+01	-2.359462e+00	 8.629944e-02	 2.657296e+00	 1.930634e+01	 5.360020e+01	 9.117938e-04	 3.529972e-04	-3.062967e-03	 5.314918e-04	 1.638277e-03	 1.343548e-02	 5.863872e-05	 9.309589e-04	 8.756526e-04	 2.002483e-04	 8.333535e-03	 2.934019e-06	 3.430618e-03	-1.471817e-05	 3.748374e-12	 1.132668e-03	-9.687833e-02	-5.132825e-05	
-5.584268e-08	 3.243963e-07	 1.243722e-05	 7.442069e-08	-8.875974e-07	-1.036956e-06	-1.580894e-03	 4.005178e-06	 1.326234e-05	-3.910043e-04	-3.719280e-05	 2.871713e-04	 2.651838e-03	 4.384842e-04	 6.521539e-04	 1.935063e-03	-3.847705e-04	-4.928030e-04	 1.578940e-04	 4.919501e-04	 9.117938e-04	 1.444085e-03	 2.669656e-04	 9.251713e-05	-3.720277e-04	-9.768836e-05	-1.305956e-04	 5.770953e-08	-4.857313e-08	 7.469586e-07	 7.804674e-07	-8.948055e-05	-2.603026e-08	-2.242651e-05	-8.776844e-08	 1.479526e-16	 3.434546e-06	 1.237044e-05	-1.256542e-06	
-6.275884e-08	 1.863540e-07	 5.963766e-05	-2.162837e-06	 1.816753e-07	-9.455115e-07	 8.864245e-03	-1.372900e-05	-1.258856e-06	 3.815042e-04	-1.827744e-05	 4.689046e-06	-1.332864e-03	 6.848833e-04	-2.360243e-04	-4.500851e-04	-1.016759e-04	 1.908659e-04	-1.510500e-04	 1.520521e-04	 3.529972e-04	 2.669656e-04	 8.694830e-04	 2.932847e-05	 7.355606e-04	 5.477887e-05	-7.111624e-04	-8.191018e-08	 6.498541e-08	-9.093084e-08	-3.447723e-06	-7.325612e-05	-2.852318e-08	 2.160664e-05	-4.805668e-08	-4.612391e-15	 1.607715e-06	 9.055378e-04	 1.515013e-06	
-9.007127e-08	 4.659107e-07	-3.453376e-04	-5.391135e-06	-5.943428e-07	-2.867371e-06	 2.626306e-02	 1.326431e-05	 6.317371e-06	 2.660468e-03	-9.446695e-05	 5.314235e-04	 1.090636e-03	-8.604985e-04	 1.235196e-03	-1.265044e-03	-5.612284e-04	 1.484246e-04	-3.545427e-04	-1.509111e-03	-3.062967e-03	 9.251713e-05	 2.932847e-05	 7.214868e-03	-3.002509e-04	 6.344351e-04	 4.456379e-03	-2.050373e-08	 5.045556e-08	-1.613209e-07	-4.327299e-06	-2.674297e-04	-4.801722e-08	-1.692765e-05	-7.312194e-08	-1.137813e-14	-8.373575e-07	 3.700813e-03	 1.075765e-06	
-2.787953e-07	 1.900392e-06	 4.861793e-04	-4.952503e-06	-4.757163e-06	-3.955927e-06	-1.130113e-02	-4.700291e-05	 4.900862e-05	-7.872994e-04	-2.235072e-05	-3.980317e-04	 8.527470e-03	 3.054548e-03	 2.149940e-03	 2.958337e-03	 2.659975e-04	-1.330886e-04	-3.995987e-05	-6.027876e-04	 5.314918e-04	-3.720277e-04	 7.355606e-04	-3.002509e-04	 2.903134e-03	 5.345404e-04	-9.171566e-04	 9.560043e-08	 7.313154e-08	-5.089538e-07	 3.746788e-06	-3.203909e-04	-1.165791e-07	-1.942604e-04	-2.103479e-07	-1.048149e-14	 1.838208e-05	-1.486490e-03	-4.079046e-06	
-5.501208e-07	 3.547760e-06	-7.033788e-04	-3.350578e-06	-6.626962e-06	-5.452280e-06	-1.675310e-02	 2.143755e-05	 9.585343e-05	-4.729973e-03	 8.616031e-05	-7.607799e-04	-2.808680e-03	 7.025324e-03	 5.675701e-03	 9.962416e-03	 2.740606e-04	 1.197405e-04	-1.364711e-04	-3.347176e-05	 1.638277e-03	-9.768836e-05	 5.477887e-05	 6.344351e-04	 5.345404e-04	 6.415802e-03	 7.882511e-03	-1.921719e-08	-2.192605e-07	 3.407716e-07	 7.165910e-06	-4.063654e-04	-2.247875e-07	-3.331445e-04	-4.241491e-07	-7.109454e-15	 2.514665e-05	-1.301046e-03	-1.016521e-05	
-2.270618e-06	 1.639067e-05	-1.271998e-03	 6.551533e-06	-3.612771e-05	-2.405296e-05	 1.515433e-02	-6.793287e-05	 3.286519e-04	-8.476491e-04	 1.930482e-04	-3.833490e-03	 2.626024e-02	 3.800516e-02	 1.284520e-02	 1.523211e-02	-1.069726e-03	-2.147379e-04	-8.388557e-04	 6.379779e-03	 1.343548e-02	-1.305956e-04	-7.111624e-04	 4.456379e-03	-9.171566e-04	 7.882511e-03	 7.180893e-02	-1.508760e-07	-3.640954e-07	 1.028019e-05	-5.303658e-06	-1.789943e-03	-9.921321e-07	-1.794960e-03	-1.676837e-06	 1.369071e-14	 1.323137e-04	 4.766100e-03	-1.746566e-05	
 2.203808e-09	-3.390870e-09	-6.550562e-07	 1.038396e-07	-7.916779e-08	-3.456048e-08	 5.180498e-05	 8.801549e-08	-1.788331e-07	-1.924178e-04	 4.509410e-06	 1.044078e-04	 3.732854e-03	 9.407132e-05	 4.334903e-04	 4.585461e-04	-7.475485e-05	 1.752234e-04	-1.813096e-04	-2.840922e-05	 5.863872e-05	 5.770953e-08	-8.191018e-08	-2.050373e-08	 9.560043e-08	-1.921719e-08	-1.508760e-07	 3.733007e-07	 2.584147e-10	 1.555091e-08	-3.218977e-08	-3.889920e-06	 8.861004e-10	-1.524391e-06	 2.620236e-10	 2.176339e-16	-4.345140e-08	 5.284783e-06	 3.215116e-08	
-1.636073e-09	 7.902024e-09	-6.806986e-07	-1.437002e-07	-7.052515e-08	-7.607726e-08	-3.047801e-04	 2.132290e-07	 5.795093e-07	 7.075608e-04	-2.277788e-06	-3.329326e-05	 4.902191e-04	 8.231153e-05	-3.840489e-04	-1.332520e-03	 5.280359e-06	-3.511967e-06	-3.976779e-05	 4.077488e-04	 9.309589e-04	-4.857313e-08	 6.498541e-08	 5.045556e-08	 7.313154e-08	-2.192605e-07	-3.640954e-07	 2.584147e-10	 3.873825e-07	 1.868502e-09	 1.871235e-07	-7.410463e-06	-6.445213e-10	-3.107247e-07	 2.645469e-10	-3.029372e-16	 9.286168e-09	-2.740799e-05	-1.218652e-07	
-4.464587e-09	-5.004528e-08	 1.369267e-04	 1.162363e-05	-2.187840e-07	-1.312866e-06	-3.775283e-03	-1.169278e-05	-4.193457e-06	 7.310369e-04	 4.994462e-06	-3.654782e-05	 4.646520e-03	 1.113887e-03	 8.430720e-04	 1.792973e-03	-3.267182e-05	-3.840733e-05	-5.840884e-05	-3.196808e-05	 8.756526e-04	 7.469586e-07	-9.093084e-08	-1.613209e-07	-5.089538e-07	 3.407716e-07	 1.028019e-05	 1.555091e-08	 1.868502e-09	 7.019342e-06	-3.704266e-06	-1.288799e-04	-2.414284e-09	 1.830310e-05	-6.349974e-09	 2.449462e-14	 5.315798e-06	-7.875651e-04	 1.833116e-06	
 7.257196e-08	-2.756368e-08	 2.262591e-02	 3.782589e-05	-4.743310e-07	 2.358035e-05	 4.704930e-01	 3.542417e-04	 1.946840e-03	 4.047139e-03	-1.007799e-04	-5.930526e-04	 1.864612e-02	 2.118069e-03	-4.326634e-03	-8.928704e-03	 2.647232e-03	 4.429234e-04	 1.098948e-03	 1.526009e-03	 2.002483e-04	 7.804674e-07	-3.447723e-06	-4.327299e-06	 3.746788e-06	 7.165910e-06	-5.303658e-06	-3.218977e-08	 1.871235e-07	-3.704266e-06	 1.199972e-03	 1.506922e-03	-5.567844e-08	-1.334868e-05	 3.197700e-07	 7.990100e-14	 2.976682e-04	 1.172541e-01	-6.365933e-04	
 1.590870e-05	-1.851383e-04	 1.531614e-02	 1.236504e-02	 7.959520e-04	 6.557523e-03	-1.036307e+00	 2.084348e-03	-1.340942e-03	-2.376802e-01	 4.430955e-03	 4.570417e-02	-1.298801e+00	-4.285754e-01	-1.963555e-02	 1.402602e-01	-1.190553e-01	-3.251049e-03	-2.227148e-02	-3.540194e-02	 8.333535e-03	-8.948055e-05	-7.325612e-05	-2.674297e-04	-3.203909e-04	-4.063654e-04	-1.789943e-03	-3.889920e-06	-7.410463e-06	-1.288799e-04	 1.506922e-03	 6.547510e-01	 7.584196e-06	 3.130183e-02	 1.405493e-05	 2.606095e-11	 3.990361e-03	-7.932535e-02	-6.927400e-04	
 8.886955e-09	-4.861319e-08	 8.575005e-06	 9.909579e-08	 1.276327e-07	 9.744278e-08	-2.562104e-03	-3.590035e-07	-9.068925e-07	-2.999910e-05	 5.755202e-07	 8.307286e-06	-1.542116e-04	-8.951028e-05	-2.988253e-05	-5.618888e-06	-1.337160e-05	-1.819071e-07	-2.548016e-06	-3.723983e-06	 2.934019e-06	-2.603026e-08	-2.852318e-08	-4.801722e-08	-1.165791e-07	-2.247875e-07	-9.921321e-07	 8.861004e-10	-6.445213e-10	-2.414284e-09	-5.567844e-08	 7.584196e-06	 4.872551e-09	 2.291744e-06	 3.797794e-09	 2.090144e-16	-3.380206e-07	-3.685583e-04	 9.024209e-08	
 7.644345e-06	-3.765252e-04	 1.259099e-02	-2.207316e-04	 8.746573e-04	 3.648929e-04	 1.528688e+00	 8.519008e-04	-6.322187e-03	 1.965702e-02	-4.273898e-04	 1.624122e-03	-3.568791e-02	-7.988023e-02	-9.370300e-02	-1.022958e-01	 1.095738e-02	 8.911520e-03	 1.017937e-02	 1.027338e-02	 3.430618e-03	-2.242651e-05	 2.160664e-05	-1.692765e-05	-1.942604e-04	-3.331445e-04	-1.794960e-03	-1.524391e-06	-3.107247e-07	 1.830310e-05	-1.334868e-05	 3.130183e-02	 2.291744e-06	 9.169505e-02	 1.914525e-05	-4.627618e-13	-2.547240e-03	 2.321005e-01	 8.682339e-05	
 1.099549e-08	-1.164999e-07	 8.410856e-06	 1.163471e-07	 3.773526e-07	 1.675004e-07	 2.212283e-03	 7.420915e-07	-3.502659e-06	 2.841481e-05	-6.739089e-07	 2.191546e-06	 3.876203e-05	-1.418651e-05	-3.095557e-05	-5.637599e-05	 4.183220e-06	 4.177529e-06	 5.164617e-06	 3.484088e-06	-1.471817e-05	-8.776844e-08	-4.805668e-08	-7.312194e-08	-2.103479e-07	-4.241491e-07	-1.676837e-06	 2.620236e-10	 2.645469e-10	-6.349974e-09	 3.197700e-07	 1.405493e-05	 3.797794e-09	 1.914525e-05	 1.020220e-07	 2.439346e-16	-9.902195e-07	 3.016530e-04	 1.579319e-07	
 4.376807e-16	-6.175647e-17	 1.192272e-12	 5.771402e-13	 1.041189e-14	 2.606137e-13	-1.659976e-11	 5.725883e-14	 1.072753e-13	-9.730985e-12	 2.930706e-13	 1.493273e-12	-3.878151e-11	-9.117578e-12	 8.948083e-12	 2.206015e-11	-6.532669e-12	-1.092527e-12	-2.490600e-12	-2.786850e-12	 3.748374e-12	 1.479526e-16	-4.612391e-15	-1.137813e-14	-1.048149e-14	-7.109454e-15	 1.369071e-14	 2.176339e-16	-3.029372e-16	 2.449462e-14	 7.990100e-14	 2.606095e-11	 2.090144e-16	-4.627618e-13	 2.439346e-16	 1.217021e-21	 2.495887e-13	 5.417566e-13	-4.065430e-14	
-8.129541e-07	 1.304374e-05	 3.186206e-02	 1.183967e-04	-2.517108e-05	 3.818823e-05	-9.724393e-02	-1.946541e-03	 6.786157e-04	-1.412867e-03	 6.521156e-05	-9.278255e-05	-1.586146e-03	 5.563801e-03	 7.660496e-03	 9.380258e-03	-1.384147e-03	-2.687567e-04	-6.001576e-04	-4.741056e-04	 1.132668e-03	 3.434546e-06	 1.607715e-06	-8.373575e-07	 1.838208e-05	 2.514665e-05	 1.323137e-04	-4.345140e-08	 9.286168e-09	 5.315798e-06	 2.976682e-04	 3.990361e-03	-3.380206e-07	-2.547240e-03	-9.902195e-07	 2.495887e-13	 4.278216e-04	-1.827128e-02	-1.361227e-04	
-4.076768e-05	 1.357043e-04	-2.373058e+00	 2.485472e-04	-1.133989e-03	 1.238905e-04	 2.118160e+03	 3.635505e-01	-3.255096e-02	-1.546379e-01	 1.611030e-02	 1.267601e-02	-2.383737e-01	 3.602526e-01	 5.096310e-01	 2.428951e-01	 2.298517e-02	 2.197803e-02	 3.914816e-02	 9.104836e-02	-9.687833e-02	 1.237044e-05	 9.055378e-04	 3.700813e-03	-1.486490e-03	-1.301046e-03	 4.766100e-03	 5.284783e-06	-2.740799e-05	-7.875651e-04	 1.172541e-01	-7.932535e-02	-3.685583e-04	 2.321005e-01	 3.016530e-04	 5.417566e-13	-1.827128e-02	 2.808628e+02	-4.798000e-02	
 1.673581e-07	-1.089087e-06	-7.551000e-03	-1.923656e-05	 3.648777e-06	-1.111550e-05	-1.119698e-01	-5.789647e-04	-1.137551e-03	-3.164623e-03	 7.500256e-05	 5.519314e-04	-1.499562e-02	-3.412198e-03	 1.897253e-03	 5.181324e-03	-1.887929e-03	-2.338558e-04	-6.735972e-04	-9.467429e-04	-5.132825e-05	-1.256542e-06	 1.515013e-06	 1.075765e-06	-4.079046e-06	-1.016521e-05	-1.746566e-05	 3.215116e-08	-1.218652e-07	 1.833116e-06	-6.365933e-04	-6.927400e-04	 9.024209e-08	 8.682339e-05	 1.579319e-07	-4.065430e-14	-1.361227e-04	-4.798000e-02	 3.558501e-04	
