#          omega_b,        omega_cdm,               H0,     ln10^{10}A_s,              n_s,         tau_reio,        A_cib_217,        xi_sz_cib,             A_sz,     ps_A_100_100,     ps_A_143_143,     ps_A_143_217,     ps_A_217_217,         ksz_norm,     gal545_A_100,     gal545_A_143, gal545_A_143_217,     gal545_A_217,    galf_TE_A_100, galf_TE_A_100_143, galf_TE_A_100_217,    galf_TE_A_143, galf_TE_A_143_217,    galf_TE_A_217,       calib_100T,       calib_217T,         A_planck,           z_reio,     Omega_Lambda,              YHe,             rs_d,      100*theta_s,              A_s,           sigma8,        Omega_m_0
 2.340194e-08	-1.299907e-07	 7.126722e-05	 3.085998e-07	 3.271760e-07	 2.539806e-07	-8.130199e-05	 2.130962e-06	 2.085186e-05	-3.626215e-04	-2.323490e-04	-7.418268e-05	-1.380283e-05	-3.169450e-05	-3.437052e-06	-5.923687e-06	-5.280298e-06	 1.763043e-05	-7.435317e-08	-8.130771e-08	-1.994566e-07	-3.111373e-07	-5.949850e-07	-2.677726e-06	 3.980009e-09	-1.196265e-09	 1.436620e-08	 1.914490e-05	 8.984980e-07	 9.974392e-09	 8.334269e-06	 1.197798e-08	 6.457760e-16	-2.911836e-07	-8.983301e-07	
-1.299907e-07	 1.992486e-06	-8.640055e-04	-1.065928e-06	-4.608768e-06	-2.816761e-06	 1.249103e-04	-4.646874e-06	-7.684607e-05	 1.080528e-03	 1.290125e-03	 8.000173e-04	 6.669782e-04	 8.961775e-06	 1.339107e-05	-2.259669e-05	 2.097774e-05	 6.525726e-05	 5.168680e-07	 7.525710e-07	 1.299611e-06	 2.898811e-06	 4.209255e-06	 1.773336e-05	-7.001320e-09	 1.121154e-08	-1.041133e-07	-2.307936e-04	-1.214175e-05	-5.538074e-08	-3.816674e-04	-1.225814e-07	-2.219780e-15	 5.215030e-06	 1.213971e-05	
 7.126722e-05	-8.640055e-04	 3.987616e-01	 7.411286e-04	 2.060591e-03	 1.304965e-03	-1.154360e-01	 3.544376e-03	 4.402848e-02	-6.900543e-01	-6.784702e-01	-3.708292e-01	-2.696364e-01	-2.649069e-02	-7.484661e-03	 4.238640e-03	-1.221038e-02	-8.806050e-03	-2.672742e-04	-3.669770e-04	-7.568042e-04	-1.405138e-03	-2.200398e-03	-9.480120e-03	 5.727918e-06	-5.198359e-06	 5.225239e-05	 1.056002e-01	 5.456097e-03	 3.036595e-05	 1.489796e-01	 8.458186e-05	 1.546759e-12	-2.160840e-03	-5.455158e-03	
 3.085998e-07	-1.065928e-06	 7.411286e-04	 2.527873e-04	 5.922745e-06	 1.164775e-04	-3.410028e-03	 1.573498e-04	 8.100965e-04	-1.607074e-02	-4.743489e-03	 3.415998e-03	 7.418803e-03	-2.663135e-03	-3.694561e-04	-9.718910e-04	-1.093087e-03	 9.606645e-04	-6.095472e-07	-5.519171e-07	-9.203750e-06	-2.598138e-06	-1.136624e-05	 3.758613e-06	 1.439098e-07	-1.170377e-07	 9.493119e-06	 1.191026e-02	 8.615207e-06	 1.316370e-07	-5.145330e-05	 2.520839e-07	 5.313631e-13	 9.978204e-05	-8.613450e-06	
 3.271760e-07	-4.608768e-06	 2.060591e-03	 5.922745e-06	 1.987644e-05	 8.865355e-06	-4.197670e-03	 9.895474e-05	 9.446728e-04	-2.217807e-02	-7.656670e-03	 3.611562e-04	 3.453945e-03	-2.043662e-03	 1.781879e-04	-3.232106e-04	-3.299032e-04	 1.093214e-03	-2.281583e-06	-2.268581e-06	-1.125350e-06	-8.484430e-06	-1.094093e-05	-4.130731e-05	-6.285703e-08	-5.888318e-08	 3.481375e-07	 7.673541e-04	 2.860344e-05	 1.393749e-07	 8.535856e-04	 3.970761e-07	 1.241350e-14	-7.857415e-06	-2.859858e-05	
 2.539806e-07	-2.816761e-06	 1.304965e-03	 1.164775e-04	 8.865355e-06	 6.286885e-05	-1.687764e-03	 6.283108e-05	 3.729672e-04	-9.008847e-03	-4.355888e-03	-7.754550e-04	-1.270977e-04	-8.106450e-04	-2.708612e-05	-1.213532e-04	-3.252894e-04	-3.000727e-04	-1.455896e-06	-1.854247e-06	-3.353026e-06	-5.726558e-06	-7.602214e-06	-1.303759e-05	 8.522485e-09	-5.213843e-08	-1.229819e-06	 6.374780e-03	 1.781033e-05	 1.082640e-07	 4.666188e-04	 2.334937e-07	 2.448319e-13	 3.975309e-05	-1.780725e-05	
-8.130199e-05	 1.249103e-04	-1.154360e-01	-3.410028e-03	-4.197670e-03	-1.687764e-03	 4.500345e+01	-3.941754e-01	-8.230691e-01	 3.461370e+01	 1.372394e+00	-1.333558e+01	-5.558383e+01	-1.215039e-01	 9.366622e-02	 5.069194e-01	-6.118096e+00	-3.410941e+01	-2.758491e-03	 1.356174e-03	 1.685415e-03	 5.384151e-03	 4.729668e-03	 1.439232e-02	-2.490310e-04	 6.923977e-04	 6.638250e-04	-1.577465e-01	-1.164321e-03	-3.462216e-05	 5.716663e-02	 8.383414e-06	-7.119409e-12	-1.906173e-03	 1.164048e-03	
 2.130962e-06	-4.646874e-06	 3.544376e-03	 1.573498e-04	 9.895474e-05	 6.283108e-05	-3.941754e-01	 8.164486e-02	-4.858764e-02	-4.908055e-01	 9.175622e-01	 1.677255e+00	 6.274783e-01	 4.996189e-02	-6.473735e-03	 7.279402e-03	 1.061665e-01	 1.444920e-01	 3.869701e-05	-1.169152e-04	-1.058669e-04	-1.635923e-04	-1.086726e-04	-7.697113e-04	 5.488661e-06	-2.917555e-08	-1.595541e-06	 6.016143e-03	 3.818398e-05	 9.069658e-07	-1.134046e-03	-1.313042e-07	 3.290737e-13	 6.947329e-05	-3.817568e-05	
 2.085186e-05	-7.684607e-05	 4.402848e-02	 8.100965e-04	 9.446728e-04	 3.729672e-04	-8.230691e-01	-4.858764e-02	 3.925052e+00	-3.039286e+01	-3.202797e+00	 7.797218e+00	 5.528452e+00	-2.843977e+00	-2.425337e-01	 1.588664e-01	 2.711421e+00	 3.412389e+00	-7.424753e-04	 2.060047e-04	 1.576309e-03	 4.839815e-04	 5.228678e-04	-1.751103e-03	 1.081575e-04	-3.636799e-05	 1.055558e-04	 3.117316e-02	 5.307088e-04	 8.884750e-06	-2.836753e-03	-6.483550e-06	 1.716539e-12	 2.706845e-04	-5.306046e-04	
-3.626215e-04	 1.080528e-03	-6.900543e-01	-1.607074e-02	-2.217807e-02	-9.008847e-03	 3.461370e+01	-4.908055e-01	-3.039286e+01	 7.715357e+02	 6.738753e+01	-5.463127e+01	-6.011431e+01	 1.421309e+01	-5.630655e+00	 5.825375e+00	-1.249088e+01	-2.470442e+01	 1.255709e-02	-2.153281e-03	-5.830971e-03	-1.843936e-03	 1.307980e-02	 6.215914e-02	 3.693975e-03	 4.222028e-04	 2.136381e-03	-8.248908e-01	-7.998368e-03	-1.545596e-04	 1.168011e-01	 6.612395e-05	-3.379250e-11	-8.150758e-03	 7.996738e-03	
-2.323490e-04	 1.290125e-03	-6.784702e-01	-4.743489e-03	-7.656670e-03	-4.355888e-03	 1.372394e+00	 9.175622e-01	-3.202797e+00	 6.738753e+01	 6.133733e+01	 4.051680e+01	 1.583968e+01	-5.036451e+00	-3.649528e-01	-1.433423e+00	 3.440980e+00	 4.436667e+00	 3.366687e-03	 7.260874e-04	 2.650340e-03	 7.494503e-04	 9.585977e-03	 4.036640e-02	 9.274755e-05	 1.160972e-04	 4.464775e-04	-3.782720e-01	-8.645383e-03	-9.905417e-05	-8.281460e-02	-3.205517e-05	-9.940563e-12	 9.473419e-04	 8.643782e-03	
-7.418268e-05	 8.000173e-04	-3.708292e-01	 3.415998e-03	 3.611562e-04	-7.754550e-04	-1.333558e+01	 1.677255e+00	 7.797218e+00	-5.463127e+01	 4.051680e+01	 8.574229e+01	 5.410924e+01	-1.218768e+01	-9.528483e-01	-7.770801e-01	 5.199928e+00	 8.906238e+00	 1.525226e-03	-1.869730e-03	 6.657908e-03	 2.945589e-04	 6.931674e-03	 8.645389e-03	 4.397121e-04	-3.306050e-04	 6.023963e-04	-5.363073e-02	-5.056956e-03	-3.165754e-05	-1.288518e-01	-6.092407e-05	 7.195619e-12	 4.399987e-03	 5.056084e-03	
-1.380283e-05	 6.669782e-04	-2.696364e-01	 7.418803e-03	 3.453945e-03	-1.270977e-04	-5.558383e+01	 6.274783e-01	 5.528452e+00	-6.011431e+01	 1.583968e+01	 5.410924e+01	 1.050887e+02	-9.642314e+00	-6.637358e-01	-1.233606e+00	 6.060327e+00	 3.481238e+01	 5.241608e-03	-1.295442e-03	 3.632569e-03	-2.903712e-03	 2.329223e-03	 7.010292e-03	 4.967586e-04	-1.313445e-03	 1.425759e-03	 1.335222e-03	-3.954483e-03	-5.924246e-06	-1.607399e-01	-6.327127e-05	 1.556588e-11	 6.276490e-03	 3.953850e-03	
-3.169450e-05	 8.961775e-06	-2.649069e-02	-2.663135e-03	-2.043662e-03	-8.106450e-04	-1.215039e-01	 4.996189e-02	-2.843977e+00	 1.421309e+01	-5.036451e+00	-1.218768e+01	-9.642314e+00	 6.060133e+00	 1.707946e-01	-1.616917e-01	-2.199701e+00	-2.553807e+00	 5.954349e-05	-1.928163e-04	-2.395373e-03	-4.295389e-04	-1.744560e-03	-4.827892e-03	-8.397700e-05	 1.210411e-06	-1.181330e-04	-7.402350e-02	-2.001680e-04	-1.350926e-05	 3.281510e-02	 1.608512e-05	-5.617860e-12	-1.534192e-03	 2.001047e-04	
-3.437052e-06	 1.339107e-05	-7.484661e-03	-3.694561e-04	 1.781879e-04	-2.708612e-05	 9.366622e-02	-6.473735e-03	-2.425337e-01	-5.630655e+00	-3.649528e-01	-9.528483e-01	-6.637358e-01	 1.707946e-01	 3.331684e+00	 5.556339e-01	 1.843226e-01	 2.063776e-01	-7.175105e-04	 2.038150e-04	-8.054362e-04	 1.854659e-04	-1.330894e-03	-2.315322e-03	 1.877205e-04	-3.086740e-06	-1.938404e-05	-2.034278e-03	-8.874570e-05	-1.463812e-06	 2.491691e-04	 1.382545e-06	-7.746977e-13	-3.470634e-05	 8.872814e-05	
-5.923687e-06	-2.259669e-05	 4.238640e-03	-9.718910e-04	-3.232106e-04	-1.213532e-04	 5.069194e-01	 7.279402e-03	 1.588664e-01	 5.825375e+00	-1.433423e+00	-7.770801e-01	-1.233606e+00	-1.616917e-01	 5.556339e-01	 3.181716e+00	 2.709589e+00	 2.721608e+00	 1.819021e-04	-5.676715e-04	-6.554890e-04	-3.766866e-04	 9.019086e-04	 3.271194e-04	-1.684462e-04	-4.348672e-05	-4.705486e-05	-1.252370e-02	 1.015865e-04	-2.522104e-06	 1.254197e-02	 4.827493e-06	-2.029405e-12	-5.386442e-04	-1.015766e-04	
-5.280298e-06	 2.097774e-05	-1.221038e-02	-1.093087e-03	-3.299032e-04	-3.252894e-04	-6.118096e+00	 1.061665e-01	 2.711421e+00	-1.249088e+01	 3.440980e+00	 5.199928e+00	 6.060327e+00	-2.199701e+00	 1.843226e-01	 2.709589e+00	 1.087721e+01	 1.956548e+01	 4.820432e-04	 1.256950e-04	-2.451769e-03	-1.269495e-03	 7.063204e-04	 2.870175e-03	 2.801438e-06	 4.042304e-04	 3.729089e-06	-3.379710e-02	-1.545064e-04	-2.260051e-06	 3.627296e-04	-4.520072e-07	-2.271127e-12	-4.529886e-04	 1.544764e-04	
 1.763043e-05	 6.525726e-05	-8.806050e-03	 9.606645e-04	 1.093214e-03	-3.000727e-04	-3.410941e+01	 1.444920e-01	 3.412389e+00	-2.470442e+01	 4.436667e+00	 8.906238e+00	 3.481238e+01	-2.553807e+00	 2.063776e-01	 2.721608e+00	 1.956548e+01	 5.447952e+01	 2.082233e-03	 1.868188e-04	-5.714336e-03	-3.480093e-03	-3.175772e-03	-1.566359e-03	 1.311499e-04	 9.311311e-04	 7.262139e-04	-3.414840e-02	-2.771990e-04	 7.485745e-06	-3.670430e-02	-6.246783e-06	 2.031598e-12	 8.613152e-04	 2.771767e-04	
-7.435317e-08	 5.168680e-07	-2.672742e-04	-6.095472e-07	-2.281583e-06	-1.455896e-06	-2.758491e-03	 3.869701e-05	-7.424753e-04	 1.255709e-02	 3.366687e-03	 1.525226e-03	 5.241608e-03	 5.954349e-05	-7.175105e-04	 1.819021e-04	 4.820432e-04	 2.082233e-03	 1.451299e-03	 2.814746e-04	 7.970991e-05	-3.444081e-04	-9.399825e-05	-2.190969e-04	 8.580618e-08	-1.796051e-07	 3.897530e-07	-1.149968e-04	-3.506369e-06	-3.169794e-08	-5.339566e-05	-5.460680e-08	-1.381228e-15	 9.973962e-07	 3.505736e-06	
-8.130771e-08	 7.525710e-07	-3.669770e-04	-5.519171e-07	-2.268581e-06	-1.854247e-06	 1.356174e-03	-1.169152e-04	 2.060047e-04	-2.153281e-03	 7.260874e-04	-1.869730e-03	-1.295442e-03	-1.928163e-04	 2.038150e-04	-5.676715e-04	 1.256950e-04	 1.868188e-04	 2.814746e-04	 8.841744e-04	 3.461858e-05	 7.626168e-04	 5.036849e-05	-7.977676e-04	-8.683099e-08	-3.952138e-09	 7.374176e-07	-1.443389e-04	-4.859371e-06	-3.464960e-08	-1.087039e-04	-7.742213e-08	-1.287051e-15	 1.862694e-06	 4.858510e-06	
-1.994566e-07	 1.299611e-06	-7.568042e-04	-9.203750e-06	-1.125350e-06	-3.353026e-06	 1.685415e-03	-1.058669e-04	 1.576309e-03	-5.830971e-03	 2.650340e-03	 6.657908e-03	 3.632569e-03	-2.395373e-03	-8.054362e-04	-6.554890e-04	-2.451769e-03	-5.714336e-03	 7.970991e-05	 3.461858e-05	 7.242636e-03	-2.996345e-04	 6.379831e-04	 4.456178e-03	-2.851512e-07	-4.979510e-07	-2.084125e-06	-2.756780e-04	-9.322428e-06	-8.505360e-08	-1.237966e-04	-3.304313e-07	-1.937122e-14	 8.421419e-07	 9.320675e-06	
-3.111373e-07	 2.898811e-06	-1.405138e-03	-2.598138e-06	-8.484430e-06	-5.726558e-06	 5.384151e-03	-1.635923e-04	 4.839815e-04	-1.843936e-03	 7.494503e-04	 2.945589e-04	-2.903712e-03	-4.295389e-04	 1.854659e-04	-3.766866e-04	-1.269495e-03	-3.480093e-03	-3.444081e-04	 7.626168e-04	-2.996345e-04	 2.946063e-03	 5.475290e-04	-1.079776e-03	 4.220080e-08	 3.925073e-07	 9.578520e-07	-4.544311e-04	-1.873305e-05	-1.325513e-07	-4.203613e-04	-2.854687e-07	-5.645392e-15	 7.030688e-06	 1.872976e-05	
-5.949850e-07	 4.209255e-06	-2.200398e-03	-1.136624e-05	-1.094093e-05	-7.602214e-06	 4.729668e-03	-1.086726e-04	 5.228678e-04	 1.307980e-02	 9.585977e-03	 6.931674e-03	 2.329223e-03	-1.744560e-03	-1.330894e-03	 9.019086e-04	 7.063204e-04	-3.175772e-03	-9.399825e-05	 5.036849e-05	 6.379831e-04	 5.475290e-04	 6.433223e-03	 7.819580e-03	-2.646570e-07	-4.748891e-08	-2.064675e-06	-6.194325e-04	-2.837196e-05	-2.534210e-07	-4.518437e-04	-5.021430e-07	-2.357760e-14	 8.076223e-06	 2.836680e-05	
-2.677726e-06	 1.773336e-05	-9.480120e-03	 3.758613e-06	-4.130731e-05	-1.303759e-05	 1.439232e-02	-7.697113e-04	-1.751103e-03	 6.215914e-02	 4.036640e-02	 8.645389e-03	 7.010292e-03	-4.827892e-03	-2.315322e-03	 3.271194e-04	 2.870175e-03	-1.566359e-03	-2.190969e-04	-7.977676e-04	 4.456178e-03	-1.079776e-03	 7.819580e-03	 7.188021e-02	-1.232746e-06	-9.315252e-07	-8.150398e-07	-4.815941e-04	-1.213244e-04	-1.141160e-06	-1.708671e-03	-2.296816e-06	 8.309652e-15	 5.680883e-05	 1.213021e-04	
 3.980009e-09	-7.001320e-09	 5.727918e-06	 1.439098e-07	-6.285703e-08	 8.522485e-09	-2.490310e-04	 5.488661e-06	 1.081575e-04	 3.693975e-03	 9.274755e-05	 4.397121e-04	 4.967586e-04	-8.397700e-05	 1.877205e-04	-1.684462e-04	 2.801438e-06	 1.311499e-04	 8.580618e-08	-8.683099e-08	-2.851512e-07	 4.220080e-08	-2.646570e-07	-1.232746e-06	 3.739294e-07	-1.268397e-09	-4.018697e-09	 2.284928e-07	 5.994700e-08	 1.695260e-09	-2.573963e-06	-1.099924e-09	 2.984064e-16	-1.279240e-09	-5.993346e-08	
-1.196265e-09	 1.121154e-08	-5.198359e-06	-1.170377e-07	-5.888318e-08	-5.213843e-08	 6.923977e-04	-2.917555e-08	-3.636799e-05	 4.222028e-04	 1.160972e-04	-3.306050e-04	-1.313445e-03	 1.210411e-06	-3.086740e-06	-4.348672e-05	 4.042304e-04	 9.311311e-04	-1.796051e-07	-3.952138e-09	-4.979510e-07	 3.925073e-07	-4.748891e-08	-9.315252e-07	-1.268397e-09	 3.888413e-07	-1.209311e-08	-5.109274e-06	-7.119167e-08	-5.101806e-10	-1.623427e-06	-5.127217e-10	-2.441916e-16	-2.395659e-08	 7.117932e-08	
 1.436620e-08	-1.041133e-07	 5.225239e-05	 9.493119e-06	 3.481375e-07	-1.229819e-06	 6.638250e-04	-1.595541e-06	 1.055558e-04	 2.136381e-03	 4.464775e-04	 6.023963e-04	 1.425759e-03	-1.181330e-04	-1.938404e-05	-4.705486e-05	 3.729089e-06	 7.262139e-04	 3.897530e-07	 7.374176e-07	-2.084125e-06	 9.578520e-07	-2.064675e-06	-8.150398e-07	-4.018697e-09	-1.209311e-08	 6.045170e-06	-1.323183e-04	 6.851945e-07	 6.129595e-09	 1.141201e-05	 7.076092e-09	 1.994773e-14	 3.558334e-06	-6.850718e-07	
 1.914490e-05	-2.307936e-04	 1.056002e-01	 1.191026e-02	 7.673541e-04	 6.374780e-03	-1.577465e-01	 6.016143e-03	 3.117316e-02	-8.248908e-01	-3.782720e-01	-5.363073e-02	 1.335222e-03	-7.402350e-02	-2.034278e-03	-1.252370e-02	-3.379710e-02	-3.414840e-02	-1.149968e-04	-1.443389e-04	-2.756780e-04	-4.544311e-04	-6.194325e-04	-4.815941e-04	 2.284928e-07	-5.109274e-06	-1.323183e-04	 6.498624e-01	 1.451706e-03	 8.162372e-06	 4.018050e-02	 1.978307e-05	 2.502435e-11	 4.236647e-03	-1.451456e-03	
 8.984980e-07	-1.214175e-05	 5.456097e-03	 8.615207e-06	 2.860344e-05	 1.781033e-05	-1.164321e-03	 3.818398e-05	 5.307088e-04	-7.998368e-03	-8.645383e-03	-5.056956e-03	-3.954483e-03	-2.001680e-04	-8.874570e-05	 1.015865e-04	-1.545064e-04	-2.771990e-04	-3.506369e-06	-4.859371e-06	-9.322428e-06	-1.873305e-05	-2.837196e-05	-1.213244e-04	 5.994700e-08	-7.119167e-08	 6.851945e-07	 1.451706e-03	 7.555862e-05	 3.828347e-07	 2.207594e-03	 1.030457e-06	 1.796415e-14	-3.091750e-05	-7.554577e-05	
 9.974392e-09	-5.538074e-08	 3.036595e-05	 1.316370e-07	 1.393749e-07	 1.082640e-07	-3.462216e-05	 9.069658e-07	 8.884750e-06	-1.545596e-04	-9.905417e-05	-3.165754e-05	-5.924246e-06	-1.350926e-05	-1.463812e-06	-2.522104e-06	-2.260051e-06	 7.485745e-06	-3.169794e-08	-3.464960e-08	-8.505360e-08	-1.325513e-07	-2.534210e-07	-1.141160e-06	 1.695260e-09	-5.101806e-10	 6.129595e-09	 8.162372e-06	 3.828347e-07	 4.251349e-09	 3.545792e-06	 5.103123e-09	 2.754605e-16	-1.240016e-07	-3.827632e-07	
 8.334269e-06	-3.816674e-04	 1.489796e-01	-5.145330e-05	 8.535856e-04	 4.666188e-04	 5.716663e-02	-1.134046e-03	-2.836753e-03	 1.168011e-01	-8.281460e-02	-1.288518e-01	-1.607399e-01	 3.281510e-02	 2.491691e-04	 1.254197e-02	 3.627296e-04	-3.670430e-02	-5.339566e-05	-1.087039e-04	-1.237966e-04	-4.203613e-04	-4.518437e-04	-1.708671e-03	-2.573963e-06	-1.623427e-06	 1.141201e-05	 4.018050e-02	 2.207594e-03	 3.545792e-06	 9.150498e-02	 1.908883e-05	-1.103926e-13	-1.049513e-03	-2.207243e-03	
 1.197798e-08	-1.225814e-07	 8.458186e-05	 2.520839e-07	 3.970761e-07	 2.334937e-07	 8.383414e-06	-1.313042e-07	-6.483550e-06	 6.612395e-05	-3.205517e-05	-6.092407e-05	-6.327127e-05	 1.608512e-05	 1.382545e-06	 4.827493e-06	-4.520072e-07	-6.246783e-06	-5.460680e-08	-7.742213e-08	-3.304313e-07	-2.854687e-07	-5.021430e-07	-2.296816e-06	-1.099924e-09	-5.127217e-10	 7.076092e-09	 1.978307e-05	 1.030457e-06	 5.103123e-09	 1.908883e-05	 9.053007e-08	 5.264435e-16	-1.512669e-07	-1.030258e-06	
 6.457760e-16	-2.219780e-15	 1.546759e-12	 5.313631e-13	 1.241350e-14	 2.448319e-13	-7.119409e-12	 3.290737e-13	 1.716539e-12	-3.379250e-11	-9.940563e-12	 7.195619e-12	 1.556588e-11	-5.617860e-12	-7.746977e-13	-2.029405e-12	-2.271127e-12	 2.031598e-12	-1.381228e-15	-1.287051e-15	-1.937122e-14	-5.645392e-15	-2.357760e-14	 8.309652e-15	 2.984064e-16	-2.441916e-16	 1.994773e-14	 2.502435e-11	 1.796415e-14	 2.754605e-16	-1.103926e-13	 5.264435e-16	 1.117096e-21	 2.098229e-13	-1.796048e-14	
-2.911836e-07	 5.215030e-06	-2.160840e-03	 9.978204e-05	-7.857415e-06	 3.975309e-05	-1.906173e-03	 6.947329e-05	 2.706845e-04	-8.150758e-03	 9.473419e-04	 4.399987e-03	 6.276490e-03	-1.534192e-03	-3.470634e-05	-5.386442e-04	-4.529886e-04	 8.613152e-04	 9.973962e-07	 1.862694e-06	 8.421419e-07	 7.030688e-06	 8.076223e-06	 5.680883e-05	-1.279240e-09	-2.395659e-08	 3.558334e-06	 4.236647e-03	-3.091750e-05	-1.240016e-07	-1.049513e-03	-1.512669e-07	 2.098229e-13	 5.650388e-05	 3.091242e-05	
-8.983301e-07	 1.213971e-05	-5.455158e-03	-8.613450e-06	-2.859858e-05	-1.780725e-05	 1.164048e-03	-3.817568e-05	-5.306046e-04	 7.996738e-03	 8.643782e-03	 5.056084e-03	 3.953850e-03	 2.001047e-04	 8.872814e-05	-1.015766e-04	 1.544764e-04	 2.771767e-04	 3.505736e-06	 4.858510e-06	 9.320675e-06	 1.872976e-05	 2.836680e-05	 1.213021e-04	-5.993346e-08	 7.117932e-08	-6.850718e-07	-1.451456e-03	-7.554577e-05	-3.827632e-07	-2.207243e-03	-1.030258e-06	-1.796048e-14	 3.091242e-05	 7.553292e-05	
