#          omega_b,        omega_cdm,               H0,     ln10^{10}A_s,              n_s,         tau_reio,        A_cib_217,        xi_sz_cib,             A_sz,     ps_A_100_100,     ps_A_143_143,     ps_A_143_217,     ps_A_217_217,         ksz_norm,     gal545_A_100,     gal545_A_143, gal545_A_143_217,     gal545_A_217,    galf_TE_A_100, galf_TE_A_100_143, galf_TE_A_100_217,    galf_TE_A_143, galf_TE_A_143_217,    galf_TE_A_217,       calib_100T,       calib_217T,         A_planck,                M,           z_reio,     Omega_Lambda,              YHe,             rs_d,      100*theta_s,              A_s,           sigma8,        Omega_m_0
 1.689736e-08	-5.854230e-08	 3.873067e-05	 2.898391e-07	 1.689389e-07	 1.692945e-07	-6.086466e-05	 1.257570e-06	 1.554824e-05	-2.747477e-04	-1.644193e-04	-4.586784e-05	 5.195197e-06	-2.856470e-05	-1.377805e-06	-7.139303e-06	-9.862507e-06	 4.691243e-06	-4.797208e-08	-4.490248e-08	-1.025848e-07	-1.936748e-07	-3.891920e-07	-1.625917e-06	 1.815503e-09	-1.617115e-09	 1.028508e-08	 1.013256e-06	 1.133794e-05	 4.089801e-07	 7.100760e-09	-3.091619e-06	 4.926912e-09	 6.132279e-16	-1.116968e-07	-4.088964e-07	
-5.854230e-08	 1.140534e-06	-4.876074e-04	-7.693046e-07	-2.798669e-06	-1.773014e-06	 1.072333e-04	-5.246854e-07	-5.316102e-05	 6.051609e-04	 5.896845e-04	 3.703754e-04	 2.549150e-04	 2.881436e-05	-2.575652e-05	-2.195440e-05	-3.569563e-05	-7.991864e-05	 7.007862e-07	 4.921947e-08	-1.305295e-07	 5.627101e-07	 2.020312e-06	 6.318695e-06	-1.892261e-09	 8.312928e-09	-5.674222e-08	-1.222286e-05	-1.366861e-04	-6.303904e-06	-2.460555e-08	-2.421909e-04	-3.594444e-08	-1.637337e-15	 3.181293e-06	 6.302850e-06	
 3.873067e-05	-4.876074e-04	 2.309502e-01	 6.312488e-04	 1.260556e-03	 8.557849e-04	-8.714779e-02	 1.159923e-03	 3.412142e-02	-4.536612e-01	-3.597566e-01	-1.741931e-01	-9.393951e-02	-3.531667e-02	 8.923208e-03	 2.807650e-03	 5.464401e-03	 3.263009e-02	-3.077736e-04	-4.540773e-05	-3.223798e-05	-4.395280e-04	-1.157011e-03	-3.856317e-03	 2.153612e-06	-4.383899e-06	 3.209277e-05	 5.845741e-03	 6.471858e-02	 2.853744e-03	 1.627777e-05	 8.823660e-02	 4.490180e-05	 1.339762e-12	-1.252867e-03	-2.853245e-03	
 2.898391e-07	-7.693046e-07	 6.312488e-04	 3.109905e-04	 5.915667e-06	 1.427139e-04	-5.032529e-03	 2.094080e-04	 3.044686e-04	-1.631636e-02	-4.943599e-03	 3.489274e-03	 9.612376e-03	-2.451956e-03	-4.946171e-04	-1.388931e-03	-1.672951e-03	 1.620018e-03	 3.035995e-06	-3.150857e-06	-6.401023e-07	-1.089177e-05	-4.686785e-07	-8.945156e-06	 1.619657e-07	-1.178174e-07	 1.175507e-05	 1.718938e-05	 1.361765e-02	 6.223654e-06	 1.217908e-07	-1.030391e-04	 2.405825e-07	 6.581733e-13	 1.224179e-04	-6.222290e-06	
 1.689389e-07	-2.798669e-06	 1.260556e-03	 5.915667e-06	 1.588957e-05	 7.094239e-06	-4.131705e-03	 9.038454e-05	 8.569901e-04	-2.156300e-02	-6.358415e-03	 1.043504e-03	 3.999497e-03	-1.920657e-03	 3.539323e-04	-2.619143e-04	-1.871740e-04	 1.384233e-03	-1.726062e-06	 4.544708e-07	 1.117450e-07	-1.172594e-06	-4.012194e-06	-9.467120e-06	-7.793417e-08	-8.461750e-08	 1.051048e-07	 3.179320e-05	 5.935515e-04	 1.595050e-05	 7.101148e-08	 5.662969e-04	 2.093998e-07	 1.255276e-14	-3.420721e-06	-1.594778e-05	
 1.692945e-07	-1.773014e-06	 8.557849e-04	 1.427139e-04	 7.094239e-06	 7.372174e-05	-2.387159e-03	 7.561576e-05	 2.301399e-04	-1.018131e-02	-3.925269e-03	-1.844906e-04	 1.434530e-03	-8.642393e-04	-1.239920e-05	-3.462447e-04	-5.004503e-04	 1.579323e-04	 4.897512e-07	-1.339254e-06	 5.408125e-07	-6.061133e-06	-1.557437e-06	-1.445780e-05	 2.007583e-08	-5.574928e-08	-2.461504e-07	 2.195697e-05	 7.005884e-03	 1.044068e-05	 7.114515e-08	 2.957068e-04	 1.327956e-07	 3.020894e-13	 5.224546e-05	-1.043883e-05	
-6.086466e-05	 1.072333e-04	-8.714779e-02	-5.032529e-03	-4.131705e-03	-2.387159e-03	 4.400221e+01	-3.986343e-01	-7.694576e-01	 3.589485e+01	 1.466401e+00	-1.325207e+01	-5.449766e+01	-2.161830e-01	 9.998641e-02	 5.730422e-01	-5.745863e+00	-3.295336e+01	 2.431742e-04	 6.590480e-04	 5.159382e-04	 1.699554e-05	-1.455942e-03	 9.064950e-03	-1.981445e-04	 7.157263e-04	 5.507562e-04	-2.351272e-03	-2.132636e-01	-8.180364e-04	-2.557469e-05	 3.885720e-02	 2.409996e-05	-1.065212e-11	-2.617712e-03	 8.178475e-04	
 1.257570e-06	-5.246854e-07	 1.159923e-03	 2.094080e-04	 9.038454e-05	 7.561576e-05	-3.986343e-01	 8.094528e-02	-4.438703e-02	-6.001291e-01	 9.387311e-01	 1.724626e+00	 6.542733e-01	 4.337602e-02	-5.395600e-03	 1.134430e-02	 1.114154e-01	 1.479769e-01	 2.677035e-05	-6.217635e-05	 2.007075e-06	-5.680232e-05	 1.303685e-05	 7.791641e-05	 4.114454e-06	-2.693158e-06	 6.332329e-06	 3.340628e-05	 6.939156e-03	 8.073216e-06	 5.287732e-07	-1.256917e-03	-5.395651e-07	 4.431699e-13	 1.038974e-04	-8.070750e-06	
 1.554824e-05	-5.316102e-05	 3.412142e-02	 3.044686e-04	 8.569901e-04	 2.301399e-04	-7.694576e-01	-4.438703e-02	 3.786970e+00	-2.935574e+01	-3.268483e+00	 7.336827e+00	 5.037039e+00	-2.627621e+00	-2.101031e-01	 1.522152e-01	 2.630435e+00	 3.287979e+00	-1.055946e-04	 6.907153e-05	 4.932852e-04	 1.059123e-04	-8.167452e-04	-4.936473e-03	 1.042656e-04	-3.448912e-05	-1.494225e-05	 9.134283e-04	 1.780310e-02	 3.622224e-04	 6.533072e-06	-3.024379e-03	 8.011256e-07	 6.430443e-13	 1.279195e-04	-3.621486e-04	
-2.747477e-04	 6.051609e-04	-4.536612e-01	-1.631636e-02	-2.156300e-02	-1.018131e-02	 3.589485e+01	-6.001291e-01	-2.935574e+01	 7.698711e+02	 6.645469e+01	-5.372552e+01	-5.883501e+01	 1.300222e+01	-6.321919e+00	 5.706660e+00	-1.255021e+01	-2.527069e+01	 2.299054e-03	-4.924005e-03	-3.825426e-03	 3.249081e-03	 5.235060e-03	 3.560643e-02	 3.824187e-03	 5.169302e-04	 3.527854e-03	-1.243436e-02	-9.039738e-01	-4.474095e-03	-1.154628e-04	 1.430614e-01	 6.057962e-05	-3.452909e-11	-9.762518e-03	 4.473112e-03	
-1.644193e-04	 5.896845e-04	-3.597566e-01	-4.943599e-03	-6.358415e-03	-3.925269e-03	 1.466401e+00	 9.387311e-01	-3.268483e+00	 6.645469e+01	 6.086617e+01	 4.037319e+01	 1.512453e+01	-4.792621e+00	-4.657803e-01	-1.294637e+00	 3.387230e+00	 4.084984e+00	 1.043908e-03	-6.038075e-04	 2.155693e-03	 1.886846e-04	 8.165922e-03	 2.724764e-02	 7.173126e-05	 9.669551e-05	 6.900622e-04	-9.372503e-03	-3.285337e-01	-3.876082e-03	-6.908376e-05	 2.441211e-02	 2.492237e-05	-1.047253e-11	-1.080954e-03	 3.875305e-03	
-4.586784e-05	 3.703754e-04	-1.741931e-01	 3.489274e-03	 1.043504e-03	-1.844906e-04	-1.325207e+01	 1.724626e+00	 7.336827e+00	-5.372552e+01	 4.037319e+01	 8.522850e+01	 5.255845e+01	-1.135940e+01	-8.417923e-01	-6.175349e-01	 4.938399e+00	 8.188423e+00	 2.073840e-04	-1.364588e-03	 2.894715e-03	 9.864886e-04	 5.108798e-03	-1.784498e-03	 4.026123e-04	-3.931788e-04	 5.559360e-04	-4.352315e-03	 5.084791e-04	-2.121776e-03	-1.926651e-05	-4.860500e-02	 1.395733e-05	 7.354753e-12	 3.264811e-03	 2.121399e-03	
 5.195197e-06	 2.549150e-04	-9.393951e-02	 9.612376e-03	 3.999497e-03	 1.434530e-03	-5.449766e+01	 6.542733e-01	 5.037039e+00	-5.883501e+01	 1.512453e+01	 5.255845e+01	 1.025133e+02	-8.818046e+00	-6.059804e-01	-1.249411e+00	 5.329941e+00	 3.302720e+01	-1.388435e-04	-1.184756e-03	 9.239751e-04	 2.565385e-03	 6.749064e-03	-1.267788e-02	 4.380321e-04	-1.347189e-03	 1.446134e-03	-2.199997e-03	 1.424331e-01	-1.322791e-03	 2.183044e-06	-7.437567e-02	-1.298260e-05	 2.030876e-11	 5.968134e-03	 1.322590e-03	
-2.856470e-05	 2.881436e-05	-3.531667e-02	-2.451956e-03	-1.920657e-03	-8.642393e-04	-2.161830e-01	 4.337602e-02	-2.627621e+00	 1.300222e+01	-4.792621e+00	-1.135940e+01	-8.818046e+00	 5.638987e+00	 1.247619e-01	-1.980283e-01	-2.071400e+00	-2.307707e+00	 2.013124e-04	 4.005900e-05	-7.113595e-04	-3.656462e-04	-5.057696e-04	 1.614028e-03	-6.941410e-05	 9.950150e-06	-3.638161e-06	-9.871048e-04	-7.648462e-02	-2.969195e-04	-1.200720e-05	 2.410521e-02	 3.890809e-06	-5.180887e-12	-1.344584e-03	 2.968425e-04	
-1.377805e-06	-2.575652e-05	 8.923208e-03	-4.946171e-04	 3.539323e-04	-1.239920e-05	 9.998641e-02	-5.395600e-03	-2.101031e-01	-6.321919e+00	-4.657803e-01	-8.417923e-01	-6.059804e-01	 1.247619e-01	 3.336691e+00	 5.408338e-01	 1.589267e-01	 1.443570e-01	-4.996208e-04	 3.257079e-04	 2.300213e-04	-1.560831e-04	-1.879925e-04	 1.045771e-03	 1.755933e-04	-6.186043e-06	-4.573844e-05	 2.143299e-04	-1.092247e-03	 1.315780e-04	-5.790838e-07	 8.476292e-03	 1.997423e-06	-1.047885e-12	-1.743288e-04	-1.315585e-04	
-7.139303e-06	-2.195440e-05	 2.807650e-03	-1.388931e-03	-2.619143e-04	-3.462447e-04	 5.730422e-01	 1.134430e-02	 1.522152e-01	 5.706660e+00	-1.294637e+00	-6.175349e-01	-1.249411e+00	-1.980283e-01	 5.408338e-01	 3.142078e+00	 2.661036e+00	 2.628878e+00	 2.030387e-04	-2.453728e-04	-3.625699e-04	 1.653605e-04	 1.246014e-04	-9.693457e-04	-1.773508e-04	-3.987097e-05	-3.356135e-05	 3.007309e-05	-3.185523e-02	 8.432784e-05	-3.000354e-06	 1.385946e-02	 3.583774e-06	-2.938433e-12	-6.822995e-04	-8.432243e-05	
-9.862507e-06	-3.569563e-05	 5.464401e-03	-1.672951e-03	-1.871740e-04	-5.004503e-04	-5.745863e+00	 1.114154e-01	 2.630435e+00	-1.255021e+01	 3.387230e+00	 4.938399e+00	 5.329941e+00	-2.071400e+00	 1.589267e-01	 2.661036e+00	 1.073026e+01	 1.915552e+01	 3.567221e-04	 3.550978e-05	-9.055321e-04	-4.241285e-05	-1.483424e-04	 4.201423e-03	-2.632477e-05	 4.075527e-04	-2.793934e-05	 4.588212e-05	-4.614840e-02	 1.391541e-04	-4.145321e-06	 2.060221e-02	 3.625492e-06	-3.538534e-12	-8.112885e-04	-1.391428e-04	
 4.691243e-06	-7.991864e-05	 3.263009e-02	 1.620018e-03	 1.384233e-03	 1.579323e-04	-3.295336e+01	 1.479769e-01	 3.287979e+00	-2.527069e+01	 4.084984e+00	 8.188423e+00	 3.302720e+01	-2.307707e+00	 1.443570e-01	 2.628878e+00	 1.915552e+01	 5.325808e+01	 1.814636e-04	-7.280054e-05	-1.514990e-03	 2.341208e-05	-5.933019e-04	 7.896685e-03	 6.281284e-05	 9.245569e-04	 8.121100e-04	 7.098486e-04	 1.293717e-02	 4.231724e-04	 1.965916e-06	 1.635156e-02	-4.000957e-06	 3.425639e-12	 7.605067e-04	-4.231029e-04	
-4.797208e-08	 7.007862e-07	-3.077736e-04	 3.035995e-06	-1.726062e-06	 4.897512e-07	 2.431742e-04	 2.677035e-05	-1.055946e-04	 2.299054e-03	 1.043908e-03	 2.073840e-04	-1.388435e-04	 2.013124e-04	-4.996208e-04	 2.030387e-04	 3.567221e-04	 1.814636e-04	 1.450562e-03	 2.723413e-04	 8.918349e-05	-3.738574e-04	-9.739632e-05	-1.097037e-04	-3.465879e-08	-3.890488e-08	 1.335943e-07	-8.389215e-06	 6.995754e-05	-3.923099e-06	-2.017382e-08	-1.352400e-04	-1.429800e-08	 6.450814e-15	 3.415625e-06	 3.922432e-06	
-4.490248e-08	 4.921947e-08	-4.540773e-05	-3.150857e-06	 4.544708e-07	-1.339254e-06	 6.590480e-04	-6.217635e-05	 6.907153e-05	-4.924005e-03	-6.038075e-04	-1.364588e-03	-1.184756e-03	 4.005900e-05	 3.257079e-04	-2.453728e-04	 3.550978e-05	-7.280054e-05	 2.723413e-04	 8.698757e-04	 2.863670e-05	 7.369341e-04	 6.015255e-05	-7.243170e-04	-1.221984e-07	 2.928594e-08	-6.518876e-08	-1.181436e-06	-1.211308e-04	-4.034122e-07	-1.893107e-08	 3.704775e-05	 3.891008e-08	-6.572877e-15	-7.212135e-07	 4.033126e-07	
-1.025848e-07	-1.305295e-07	-3.223798e-05	-6.401023e-07	 1.117450e-07	 5.408125e-07	 5.159382e-04	 2.007075e-06	 4.932852e-04	-3.825426e-03	 2.155693e-03	 2.894715e-03	 9.239751e-04	-7.113595e-04	 2.300213e-04	-3.625699e-04	-9.055321e-04	-1.514990e-03	 8.918349e-05	 2.863670e-05	 7.213427e-03	-3.027149e-04	 6.452424e-04	 4.590596e-03	-9.355567e-08	-2.166249e-07	-8.137449e-07	-2.938606e-06	 7.764356e-05	 1.869764e-07	-4.327669e-08	 1.504664e-04	 3.456155e-08	-1.447580e-15	-2.582456e-07	-1.870427e-07	
-1.936748e-07	 5.627101e-07	-4.395280e-04	-1.089177e-05	-1.172594e-06	-6.061133e-06	 1.699554e-05	-5.680232e-05	 1.059123e-04	 3.249081e-03	 1.886846e-04	 9.864886e-04	 2.565385e-03	-3.656462e-04	-1.560831e-04	 1.653605e-04	-4.241285e-05	 2.341208e-05	-3.738574e-04	 7.369341e-04	-3.027149e-04	 2.902650e-03	 5.321342e-04	-1.029812e-03	-5.821743e-08	 1.057495e-07	 4.173179e-07	-1.117838e-05	-5.276807e-04	-4.429268e-06	-8.141752e-08	 6.446703e-05	-1.630440e-07	-2.297451e-14	-1.996857e-06	 4.428307e-06	
-3.891920e-07	 2.020312e-06	-1.157011e-03	-4.686785e-07	-4.012194e-06	-1.557437e-06	-1.455942e-03	 1.303685e-05	-8.167452e-04	 5.235060e-03	 8.165922e-03	 5.108798e-03	 6.749064e-03	-5.057696e-04	-1.879925e-04	 1.246014e-04	-1.483424e-04	-5.933019e-04	-9.739632e-05	 6.015255e-05	 6.452424e-04	 5.321342e-04	 6.441378e-03	 7.914136e-03	 5.943272e-08	-1.261796e-07	-3.633886e-07	-2.946585e-05	-3.342921e-05	-1.294186e-05	-1.635487e-07	-1.106745e-04	-1.534739e-07	-7.827236e-16	 7.474673e-06	 1.293936e-05	
-1.625917e-06	 6.318695e-06	-3.856317e-03	-8.945156e-06	-9.467120e-06	-1.445780e-05	 9.064950e-03	 7.791641e-05	-4.936473e-03	 3.560643e-02	 2.724764e-02	-1.784498e-03	-1.267788e-02	 1.614028e-03	 1.045771e-03	-9.693457e-04	 4.201423e-03	 7.896685e-03	-1.097037e-04	-7.243170e-04	 4.590596e-03	-1.029812e-03	 7.914136e-03	 7.220524e-02	-3.574384e-08	 3.395460e-07	 5.882030e-06	-1.053007e-04	-9.701236e-04	-4.197666e-05	-6.831845e-07	 1.141593e-04	-1.193771e-07	-1.803896e-14	 2.319780e-05	 4.196829e-05	
 1.815503e-09	-1.892261e-09	 2.153612e-06	 1.619657e-07	-7.793417e-08	 2.007583e-08	-1.981445e-04	 4.114454e-06	 1.042656e-04	 3.824187e-03	 7.173126e-05	 4.026123e-04	 4.380321e-04	-6.941410e-05	 1.755933e-04	-1.773508e-04	-2.632477e-05	 6.281284e-05	-3.465879e-08	-1.221984e-07	-9.355567e-08	-5.821743e-08	 5.943272e-08	-3.574384e-08	 3.755038e-07	-3.991385e-10	-9.556923e-09	 6.403908e-08	 1.396828e-06	 1.762587e-08	 7.626012e-10	-1.511212e-06	-6.480135e-10	 3.441187e-16	 2.557163e-08	-1.762116e-08	
-1.617115e-09	 8.312928e-09	-4.383899e-06	-1.178174e-07	-8.461750e-08	-5.574928e-08	 7.157263e-04	-2.693158e-06	-3.448912e-05	 5.169302e-04	 9.669551e-05	-3.931788e-04	-1.347189e-03	 9.950150e-06	-6.186043e-06	-3.987097e-05	 4.075527e-04	 9.245569e-04	-3.890488e-08	 2.928594e-08	-2.166249e-07	 1.057495e-07	-1.261796e-07	 3.395460e-07	-3.991385e-10	 3.869389e-07	-5.120562e-09	-1.219229e-07	-4.777696e-06	-5.021815e-08	-6.795144e-10	-4.439212e-07	 5.247547e-10	-2.506475e-16	-3.565728e-08	 5.020869e-08	
 1.028508e-08	-5.674222e-08	 3.209277e-05	 1.175507e-05	 1.051048e-07	-2.461504e-07	 5.507562e-04	 6.332329e-06	-1.494225e-05	 3.527854e-03	 6.900622e-04	 5.559360e-04	 1.446134e-03	-3.638161e-06	-4.573844e-05	-3.356135e-05	-2.793934e-05	 8.121100e-04	 1.335943e-07	-6.518876e-08	-8.137449e-07	 4.173179e-07	-3.633886e-07	 5.882030e-06	-9.556923e-09	-5.120562e-09	 6.128613e-06	 8.444721e-07	-2.710686e-05	 3.606668e-07	 4.322023e-09	 3.807689e-06	 4.767958e-09	 2.484310e-14	 4.489964e-06	-3.605981e-07	
 1.013256e-06	-1.222286e-05	 5.845741e-03	 1.718938e-05	 3.179320e-05	 2.195697e-05	-2.351272e-03	 3.340628e-05	 9.134283e-04	-1.243436e-02	-9.372503e-03	-4.352315e-03	-2.199997e-03	-9.871048e-04	 2.143299e-04	 3.007309e-05	 4.588212e-05	 7.098486e-04	-8.389215e-06	-1.181436e-06	-2.938606e-06	-1.117838e-05	-2.946585e-05	-1.053007e-04	 6.403908e-08	-1.219229e-07	 8.444721e-07	 1.653812e-04	 1.660882e-03	 7.192468e-05	 4.258601e-07	 2.164435e-03	 1.178942e-06	 3.647650e-14	-3.093027e-05	-7.191205e-05	
 1.133794e-05	-1.366861e-04	 6.471858e-02	 1.361765e-02	 5.935515e-04	 7.005884e-03	-2.132636e-01	 6.939156e-03	 1.780310e-02	-9.039738e-01	-3.285337e-01	 5.084791e-04	 1.424331e-01	-7.648462e-02	-1.092247e-03	-3.185523e-02	-4.614840e-02	 1.293717e-02	 6.995754e-05	-1.211308e-04	 7.764356e-05	-5.276807e-04	-3.342921e-05	-9.701236e-04	 1.396828e-06	-4.777696e-06	-2.710686e-05	 1.660882e-03	 6.682289e-01	 7.979357e-04	 4.764881e-06	 2.483462e-02	 1.113332e-05	 2.881359e-11	 5.095731e-03	-7.977958e-04	
 4.089801e-07	-6.303904e-06	 2.853744e-03	 6.223654e-06	 1.595050e-05	 1.044068e-05	-8.180364e-04	 8.073216e-06	 3.622224e-04	-4.474095e-03	-3.876082e-03	-2.121776e-03	-1.322791e-03	-2.969195e-04	 1.315780e-04	 8.432784e-05	 1.391541e-04	 4.231724e-04	-3.923099e-06	-4.034122e-07	 1.869764e-07	-4.429268e-06	-1.294186e-05	-4.197666e-05	 1.762587e-08	-5.021815e-08	 3.606668e-07	 7.192468e-05	 7.979357e-04	 3.599479e-05	 1.718983e-07	 1.243131e-03	 4.383556e-07	 1.322239e-14	-1.680302e-05	-3.598862e-05	
 7.100760e-09	-2.460555e-08	 1.627777e-05	 1.217908e-07	 7.101148e-08	 7.114515e-08	-2.557469e-05	 5.287732e-07	 6.533072e-06	-1.154628e-04	-6.908376e-05	-1.926651e-05	 2.183044e-06	-1.200720e-05	-5.790838e-07	-3.000354e-06	-4.145321e-06	 1.965916e-06	-2.017382e-08	-1.893107e-08	-4.327669e-08	-8.141752e-08	-1.635487e-07	-6.831845e-07	 7.626012e-10	-6.795144e-10	 4.322023e-09	 4.258601e-07	 4.764881e-06	 1.718983e-07	 2.983996e-09	-1.298065e-06	 2.072099e-09	 2.576782e-16	-4.694661e-08	-1.718631e-07	
-3.091619e-06	-2.421909e-04	 8.823660e-02	-1.030391e-04	 5.662969e-04	 2.957068e-04	 3.885720e-02	-1.256917e-03	-3.024379e-03	 1.430614e-01	 2.441211e-02	-4.860500e-02	-7.437567e-02	 2.410521e-02	 8.476292e-03	 1.385946e-02	 2.060221e-02	 1.635156e-02	-1.352400e-04	 3.704775e-05	 1.504664e-04	 6.446703e-05	-1.106745e-04	 1.141593e-04	-1.511212e-06	-4.439212e-07	 3.807689e-06	 2.164435e-03	 2.483462e-02	 1.243131e-03	-1.298065e-06	 6.877589e-02	 4.190965e-06	-2.153578e-13	-7.278359e-04	-1.242941e-03	
 4.926912e-09	-3.594444e-08	 4.490180e-05	 2.405825e-07	 2.093998e-07	 1.327956e-07	 2.409996e-05	-5.395651e-07	 8.011256e-07	 6.057962e-05	 2.492237e-05	 1.395733e-05	-1.298260e-05	 3.890809e-06	 1.997423e-06	 3.583774e-06	 3.625492e-06	-4.000957e-06	-1.429800e-08	 3.891008e-08	 3.456155e-08	-1.630440e-07	-1.534739e-07	-1.193771e-07	-6.480135e-10	 5.247547e-10	 4.767958e-09	 1.178942e-06	 1.113332e-05	 4.383556e-07	 2.072099e-09	 4.190965e-06	 8.016431e-08	 5.107987e-16	 7.703861e-08	-4.382585e-07	
 6.132279e-16	-1.637337e-15	 1.339762e-12	 6.581733e-13	 1.255276e-14	 3.020894e-13	-1.065212e-11	 4.431699e-13	 6.430443e-13	-3.452909e-11	-1.047253e-11	 7.354753e-12	 2.030876e-11	-5.180887e-12	-1.047885e-12	-2.938433e-12	-3.538534e-12	 3.425639e-12	 6.450814e-15	-6.572877e-15	-1.447580e-15	-2.297451e-14	-7.827236e-16	-1.803896e-14	 3.441187e-16	-2.506475e-16	 2.484310e-14	 3.647650e-14	 2.881359e-11	 1.322239e-14	 2.576782e-16	-2.153578e-13	 5.107987e-16	 1.393165e-21	 2.590813e-13	-1.321950e-14	
-1.116968e-07	 3.181293e-06	-1.252867e-03	 1.224179e-04	-3.420721e-06	 5.224546e-05	-2.617712e-03	 1.038974e-04	 1.279195e-04	-9.762518e-03	-1.080954e-03	 3.264811e-03	 5.968134e-03	-1.344584e-03	-1.743288e-04	-6.822995e-04	-8.112885e-04	 7.605067e-04	 3.415625e-06	-7.212135e-07	-2.582456e-07	-1.996857e-06	 7.474673e-06	 2.319780e-05	 2.557163e-08	-3.565728e-08	 4.489964e-06	-3.093027e-05	 5.095731e-03	-1.680302e-05	-4.694661e-08	-7.278359e-04	 7.703861e-08	 2.590813e-13	 5.999215e-05	 1.680032e-05	
-4.088964e-07	 6.302850e-06	-2.853245e-03	-6.222290e-06	-1.594778e-05	-1.043883e-05	 8.178475e-04	-8.070750e-06	-3.621486e-04	 4.473112e-03	 3.875305e-03	 2.121399e-03	 1.322590e-03	 2.968425e-04	-1.315585e-04	-8.432243e-05	-1.391428e-04	-4.231029e-04	 3.922432e-06	 4.033126e-07	-1.870427e-07	 4.428307e-06	 1.293936e-05	 4.196829e-05	-1.762116e-08	 5.020869e-08	-3.605981e-07	-7.191205e-05	-7.977958e-04	-3.598862e-05	-1.718631e-07	-1.242941e-03	-4.382585e-07	-1.321950e-14	 1.680032e-05	 3.598246e-05	
