#          omega_b,        omega_cdm,               H0,     ln10^{10}A_s,              n_s,         tau_reio,        A_cib_217,        xi_sz_cib,             A_sz,     ps_A_100_100,     ps_A_143_143,     ps_A_143_217,     ps_A_217_217,         ksz_norm,     gal545_A_100,     gal545_A_143, gal545_A_143_217,     gal545_A_217,    galf_TE_A_100, galf_TE_A_100_143, galf_TE_A_100_217,    galf_TE_A_143, galf_TE_A_143_217,    galf_TE_A_217,       calib_100T,       calib_217T,         A_planck,                M,           z_reio,     Omega_Lambda,              YHe,             rs_d,      100*theta_s,              A_s,           sigma8,        Omega_m_0
 1.859621e-08	-8.611382e-08	 5.055461e-05	 2.535017e-07	 2.268203e-07	 1.890796e-07	-6.132522e-05	 1.339691e-06	 1.614506e-05	-3.060075e-04	-1.820655e-04	-6.091593e-05	-6.746344e-06	-2.750519e-05	-1.050656e-06	-5.597099e-06	-8.590877e-06	 4.875480e-06	-6.685794e-08	-4.070324e-08	-1.090958e-07	-2.383263e-07	-4.906999e-07	-1.864202e-06	 1.552127e-09	-1.064572e-09	 6.540018e-09	 1.342533e-06	 1.328217e-05	 6.005413e-07	 7.888648e-09	 2.191140e-06	 8.198526e-09	 5.353789e-16	-1.914974e-07	-6.004255e-07	
-8.611382e-08	 1.562383e-06	-6.659837e-04	-4.584421e-07	-3.665660e-06	-2.106085e-06	-3.336344e-05	-1.664634e-06	-7.284732e-05	 1.113320e-03	 8.037415e-04	 5.060745e-04	 5.654484e-04	 3.921057e-05	-2.942488e-05	-4.616610e-05	-3.032573e-05	 3.810560e-05	 6.078453e-07	 1.330901e-07	 5.396890e-07	 1.292917e-06	 2.595458e-06	 1.102844e-05	 5.679277e-09	 4.005809e-09	-5.087880e-08	-1.712082e-05	-1.654544e-04	-9.182458e-06	-3.653130e-08	-3.192864e-04	-8.164159e-08	-9.817590e-16	 4.317786e-06	 9.180930e-06	
 5.055461e-05	-6.659837e-04	 3.066276e-01	 4.448074e-04	 1.625235e-03	 9.709924e-04	-3.598430e-02	 1.785836e-03	 4.042732e-02	-6.618059e-01	-4.514787e-01	-2.402686e-01	-2.208648e-01	-3.746408e-02	 1.056023e-02	 1.164440e-02	 3.104240e-03	-1.133522e-02	-3.013455e-04	-7.820945e-05	-3.120168e-04	-6.939008e-04	-1.513301e-03	-6.283965e-03	-7.004654e-07	-1.936794e-06	 2.862111e-05	 7.944627e-03	 7.473574e-02	 4.088046e-03	 2.144575e-05	 1.207014e-01	 6.496134e-05	 9.445427e-13	-1.750477e-03	-4.087343e-03	
 2.535017e-07	-4.584421e-07	 4.448074e-04	 2.694295e-04	 4.976530e-06	 1.219638e-04	-4.486450e-03	 1.728361e-04	 4.684643e-04	-1.452345e-02	-4.193294e-03	 3.795755e-03	 9.907267e-03	-2.650151e-03	-6.673248e-04	-1.258137e-03	-1.416462e-03	 1.403497e-03	-2.975070e-07	-6.188439e-07	 7.140937e-06	-5.135324e-06	-1.914868e-06	-4.054473e-07	 1.899334e-07	-1.005035e-07	 1.152491e-05	 1.258467e-05	 1.212324e-02	 4.436120e-06	 1.075139e-07	-1.494924e-04	 1.478354e-07	 5.681837e-13	 1.078175e-04	-4.435098e-06	
 2.268203e-07	-3.665660e-06	 1.625235e-03	 4.976530e-06	 1.770025e-05	 7.564160e-06	-3.694124e-03	 9.080505e-05	 9.138588e-04	-2.249542e-02	-6.610398e-03	 8.963221e-04	 3.382968e-03	-2.029083e-03	 3.174915e-04	-2.441785e-04	-2.540908e-04	 1.003745e-03	-1.045893e-06	-3.889244e-08	-2.178490e-07	-3.536139e-06	-5.952201e-06	-1.968180e-05	-9.589071e-08	-5.084118e-08	 1.702771e-07	 4.192661e-05	 6.437562e-04	 2.204976e-05	 9.621859e-08	 7.218112e-04	 3.107858e-07	 1.054151e-14	-5.769120e-06	-2.204603e-05	
 1.890796e-07	-2.106085e-06	 9.709924e-04	 1.219638e-04	 7.564160e-06	 6.400448e-05	-1.927511e-03	 6.017932e-05	 3.674551e-04	-1.034381e-02	-3.870381e-03	-1.560874e-04	 1.146774e-03	-9.857912e-04	-1.214943e-04	-2.830573e-04	-3.857351e-04	-8.301723e-05	-6.207266e-07	-1.342800e-07	 4.468770e-06	-3.665612e-06	-2.720671e-06	-1.750996e-05	 1.479833e-08	-4.174046e-08	-4.486709e-07	 2.539235e-05	 6.319520e-03	 1.287725e-05	 8.019896e-08	 3.545954e-04	 1.303779e-07	 2.572551e-13	 4.368789e-05	-1.287502e-05	
-6.132522e-05	-3.336344e-05	-3.598430e-02	-4.486450e-03	-3.694124e-03	-1.927511e-03	 4.414109e+01	-3.938073e-01	-7.474711e-01	 3.363377e+01	 1.272896e+00	-1.312790e+01	-5.454713e+01	-1.791946e-01	 1.715440e-01	 4.895168e-01	-5.971340e+00	-3.327979e+01	-9.274689e-04	 1.156062e-03	 2.019894e-03	-3.016724e-04	-1.233482e-03	-5.044011e-03	-2.251071e-04	 6.994980e-04	 5.948480e-04	-1.174147e-03	-1.780946e-01	-1.079501e-04	-2.600579e-05	 7.682898e-02	 2.439150e-05	-9.490111e-12	-2.781129e-03	 1.078707e-04	
 1.339691e-06	-1.664634e-06	 1.785836e-03	 1.728361e-04	 9.080505e-05	 6.017932e-05	-3.938073e-01	 8.141719e-02	-4.554059e-02	-5.685813e-01	 9.208163e-01	 1.696768e+00	 6.370744e-01	 4.902140e-02	-6.885222e-03	 9.387284e-03	 1.077747e-01	 1.382550e-01	 1.448537e-05	 2.483581e-05	-8.006101e-05	 5.599070e-05	-2.404259e-05	 2.772935e-04	 4.522644e-06	-9.854757e-07	 4.177406e-06	 4.809348e-05	 5.629835e-03	 1.665716e-05	 5.680982e-07	-1.043166e-03	-9.652650e-08	 3.656419e-13	 8.637105e-05	-1.665312e-05	
 1.614506e-05	-7.284732e-05	 4.042732e-02	 4.684643e-04	 9.138588e-04	 3.674551e-04	-7.474711e-01	-4.554059e-02	 3.835069e+00	-2.955366e+01	-3.148003e+00	 7.570909e+00	 5.194615e+00	-2.724339e+00	-2.367054e-01	 1.505836e-01	 2.656028e+00	 3.302810e+00	-2.794529e-04	-3.198709e-04	 7.006984e-04	-1.054049e-03	 6.799098e-05	-1.332557e-03	 1.151171e-04	-3.596396e-05	-3.417517e-05	 1.032053e-03	 3.203823e-02	 4.859340e-04	 6.850073e-06	 1.420877e-03	-1.203454e-06	 9.851420e-13	 1.516951e-04	-4.858416e-04	
-3.060075e-04	 1.113320e-03	-6.618059e-01	-1.452345e-02	-2.249542e-02	-1.034381e-02	 3.363377e+01	-5.685813e-01	-2.955366e+01	 7.693519e+02	 6.622354e+01	-5.406353e+01	-5.774058e+01	 1.350644e+01	-6.060234e+00	 5.585929e+00	-1.200136e+01	-2.302333e+01	 5.603396e-03	 1.957975e-03	-9.365376e-03	 1.069274e-02	 1.417980e-04	-1.443604e-02	 3.654781e-03	 3.809624e-04	 3.894259e-03	-1.743267e-02	-9.446953e-01	-7.703080e-03	-1.298211e-04	 4.394161e-02	 4.713742e-05	-3.066726e-11	-7.647560e-03	 7.701563e-03	
-1.820655e-04	 8.037415e-04	-4.514787e-01	-4.193294e-03	-6.610398e-03	-3.870381e-03	 1.272896e+00	 9.208163e-01	-3.148003e+00	 6.622354e+01	 6.086631e+01	 4.060223e+01	 1.581012e+01	-5.050279e+00	-4.719810e-01	-1.379998e+00	 3.352504e+00	 4.153379e+00	 7.665230e-04	 1.117831e-03	-4.395467e-03	 2.605464e-03	 3.795717e-03	 1.708108e-02	 7.908437e-05	 8.462060e-05	 7.097478e-04	-1.174926e-02	-3.308177e-01	-5.404593e-03	-7.724347e-05	-1.120010e-02	 7.218479e-06	-8.866438e-12	-2.162451e-04	 5.403557e-03	
-6.091593e-05	 5.060745e-04	-2.402686e-01	 3.795755e-03	 8.963221e-04	-1.560874e-04	-1.312790e+01	 1.696768e+00	 7.570909e+00	-5.406353e+01	 4.060223e+01	 8.553739e+01	 5.315934e+01	-1.181794e+01	-9.741552e-01	-7.455941e-01	 4.956866e+00	 8.176951e+00	 9.397033e-04	 6.572747e-04	-6.325730e-04	 1.258684e-03	 4.432723e-03	 4.508236e-03	 4.549891e-04	-3.573997e-04	 5.040798e-04	-6.330368e-03	 6.790467e-03	-3.127029e-03	-2.584988e-05	-6.658266e-02	-1.039531e-05	 7.997271e-12	 3.775209e-03	 3.126476e-03	
-6.746344e-06	 5.654484e-04	-2.208648e-01	 9.907267e-03	 3.382968e-03	 1.146774e-03	-5.454713e+01	 6.370744e-01	 5.194615e+00	-5.774058e+01	 1.581012e+01	 5.315934e+01	 1.030591e+02	-9.231172e+00	-7.522214e-01	-1.251468e+00	 5.632580e+00	 3.341308e+01	 1.819356e-03	-1.297725e-03	-2.997409e-03	 1.295443e-03	 6.851796e-03	 5.406986e-03	 4.980287e-04	-1.311530e-03	 1.425458e-03	-5.535457e-03	 1.243163e-01	-3.209689e-03	-2.873891e-06	-1.424001e-01	-3.709510e-05	 2.089995e-11	 6.958762e-03	 3.209177e-03	
-2.750519e-05	 3.921057e-05	-3.746408e-02	-2.650151e-03	-2.029083e-03	-9.857912e-04	-1.791946e-01	 4.902140e-02	-2.724339e+00	 1.350644e+01	-5.050279e+00	-1.181794e+01	-9.231172e+00	 5.855457e+00	 1.665986e-01	-1.812448e-01	-2.126222e+00	-2.417981e+00	 2.005686e-04	 1.653039e-04	 1.924466e-04	 9.139150e-04	-2.386467e-04	 1.944142e-03	-7.296091e-05	 4.489093e-06	-9.636890e-06	-1.031228e-03	-9.210579e-02	-3.619284e-04	-1.166909e-05	 2.010543e-02	 4.887890e-06	-5.578510e-12	-1.438550e-03	 3.618427e-04	
-1.050656e-06	-2.942488e-05	 1.056023e-02	-6.673248e-04	 3.174915e-04	-1.214943e-04	 1.715440e-01	-6.885222e-03	-2.367054e-01	-6.060234e+00	-4.719810e-01	-9.741552e-01	-7.522214e-01	 1.665986e-01	 3.388432e+00	 5.817800e-01	 1.679783e-01	 1.311307e-01	-5.009497e-04	 2.746981e-04	 1.449651e-03	-7.226296e-04	-2.080352e-05	 1.236433e-03	 1.804421e-04	 1.748129e-06	-1.902404e-05	 2.593608e-04	-1.230206e-02	 1.600044e-04	-4.482636e-07	 8.975934e-03	 2.828740e-06	-1.409206e-12	-2.670521e-04	-1.599801e-04	
-5.597099e-06	-4.616610e-05	 1.164440e-02	-1.258137e-03	-2.441785e-04	-2.830573e-04	 4.895168e-01	 9.387284e-03	 1.505836e-01	 5.585929e+00	-1.379998e+00	-7.455941e-01	-1.251468e+00	-1.812448e-01	 5.817800e-01	 3.201956e+00	 2.736946e+00	 2.805264e+00	 2.715667e-04	-1.876285e-04	-4.478133e-04	 5.426026e-05	 1.574098e-04	-2.687882e-03	-1.773330e-04	-4.330797e-05	 8.591819e-06	 2.386088e-04	-2.770993e-02	 2.165655e-04	-2.375229e-06	 1.845920e-02	 5.672892e-07	-2.655948e-12	-7.178859e-04	-2.165391e-04	
-8.590877e-06	-3.032573e-05	 3.104240e-03	-1.416462e-03	-2.540908e-04	-3.857351e-04	-5.971340e+00	 1.077747e-01	 2.656028e+00	-1.200136e+01	 3.352504e+00	 4.956866e+00	 5.632580e+00	-2.126222e+00	 1.679783e-01	 2.736946e+00	 1.084889e+01	 1.945775e+01	-2.751979e-04	-5.298002e-04	-1.700846e-03	-8.539009e-04	 9.331674e-05	 6.978035e-03	-1.146492e-05	 3.967391e-04	-1.984819e-05	 8.982416e-05	-3.671439e-02	 1.117383e-04	-3.644234e-06	 1.758185e-02	 1.106278e-07	-2.990208e-12	-7.189728e-04	-1.117318e-04	
 4.875480e-06	 3.810560e-05	-1.133522e-02	 1.403497e-03	 1.003745e-03	-8.301723e-05	-3.327979e+01	 1.382550e-01	 3.302810e+00	-2.302333e+01	 4.153379e+00	 8.176951e+00	 3.341308e+01	-2.417981e+00	 1.311307e-01	 2.805264e+00	 1.945775e+01	 5.381418e+01	-6.747730e-04	-1.068621e-03	-2.984801e-03	 1.821625e-05	-3.647964e-04	 1.713838e-02	 9.165942e-05	 9.108984e-04	 7.659956e-04	-1.294631e-04	-8.384695e-03	-2.009217e-04	 2.061884e-06	-1.550092e-02	-6.799832e-06	 2.956155e-12	 9.753525e-04	 2.008937e-04	
-6.685794e-08	 6.078453e-07	-3.013455e-04	-2.975070e-07	-1.045893e-06	-6.207266e-07	-9.274689e-04	 1.448537e-05	-2.794529e-04	 5.603396e-03	 7.665230e-04	 9.397033e-04	 1.819356e-03	 2.005686e-04	-5.009497e-04	 2.715667e-04	-2.751979e-04	-6.747730e-04	 1.458872e-03	 2.694256e-04	 9.631390e-05	-3.761778e-04	-1.063051e-04	-1.197758e-04	 3.511194e-08	-1.274255e-07	-1.585944e-07	-7.595515e-06	-4.675901e-05	-3.850019e-06	-2.838625e-08	-8.749819e-05	-6.373906e-08	-5.127775e-16	 1.879164e-06	 3.849337e-06	
-4.070324e-08	 1.330901e-07	-7.820945e-05	-6.188439e-07	-3.889244e-08	-1.342800e-07	 1.156062e-03	 2.483581e-05	-3.198709e-04	 1.957975e-03	 1.117831e-03	 6.572747e-04	-1.297725e-03	 1.653039e-04	 2.746981e-04	-1.876285e-04	-5.298002e-04	-1.068621e-03	 2.694256e-04	 8.701757e-04	 4.155444e-05	 7.385214e-04	 5.736460e-05	-6.986520e-04	-5.132523e-08	 9.103924e-08	-2.762695e-07	-3.060180e-06	-1.302032e-05	-8.946175e-07	-1.724452e-08	 1.000956e-05	 1.983285e-08	-1.157135e-15	 3.917864e-07	 8.944410e-07	
-1.090958e-07	 5.396890e-07	-3.120168e-04	 7.140937e-06	-2.178490e-07	 4.468770e-06	 2.019894e-03	-8.006101e-05	 7.006984e-04	-9.365376e-03	-4.395467e-03	-6.325730e-04	-2.997409e-03	 1.924466e-04	 1.449651e-03	-4.478133e-04	-1.700846e-03	-2.984801e-03	 9.631390e-05	 4.155444e-05	 7.238324e-03	-2.729807e-04	 6.489949e-04	 4.463056e-03	 1.428037e-07	-5.521091e-08	-8.600477e-07	-7.781209e-06	 4.880770e-04	-3.774676e-06	-4.624307e-08	-2.091296e-05	-6.172205e-08	 1.500920e-14	 5.024763e-06	 3.773962e-06	
-2.383263e-07	 1.292917e-06	-6.939008e-04	-5.135324e-06	-3.536139e-06	-3.665612e-06	-3.016724e-04	 5.599070e-05	-1.054049e-03	 1.069274e-02	 2.605464e-03	 1.258684e-03	 1.295443e-03	 9.139150e-04	-7.226296e-04	 5.426026e-05	-8.539009e-04	 1.821625e-05	-3.761778e-04	 7.385214e-04	-2.729807e-04	 2.908344e-03	 5.459841e-04	-8.963672e-04	 8.401207e-09	 1.570416e-07	-3.253274e-07	-1.942870e-05	-3.016605e-04	-8.536627e-06	-1.011243e-07	-7.834760e-05	-4.116227e-08	-1.070774e-14	 2.202188e-06	 8.535027e-06	
-4.906999e-07	 2.595458e-06	-1.513301e-03	-1.914868e-06	-5.952201e-06	-2.720671e-06	-1.233482e-03	-2.404259e-05	 6.799098e-05	 1.417980e-04	 3.795717e-03	 4.432723e-03	 6.851796e-03	-2.386467e-04	-2.080352e-05	 1.574098e-04	 9.331674e-05	-3.647964e-04	-1.063051e-04	 5.736460e-05	 6.489949e-04	 5.459841e-04	 6.426489e-03	 8.064973e-03	 3.025946e-08	-1.734387e-07	-3.673705e-07	-4.117525e-05	-1.194494e-04	-1.808947e-05	-2.080653e-07	-1.439875e-04	-3.995597e-07	-3.873699e-15	 7.992328e-06	 1.808602e-05	
-1.864202e-06	 1.102844e-05	-6.283965e-03	-4.054473e-07	-1.968180e-05	-1.750996e-05	-5.044011e-03	 2.772935e-04	-1.332557e-03	-1.443604e-02	 1.708108e-02	 4.508236e-03	 5.406986e-03	 1.944142e-03	 1.236433e-03	-2.687882e-03	 6.978035e-03	 1.713838e-02	-1.197758e-04	-6.986520e-04	 4.463056e-03	-8.963672e-04	 8.064973e-03	 7.270002e-02	 5.097660e-07	 6.550518e-07	 8.051488e-06	-1.608537e-04	-1.094200e-03	-7.649592e-05	-7.909689e-07	-8.556403e-04	-1.894365e-06	-1.431421e-15	 3.736106e-05	 7.648147e-05	
 1.552127e-09	 5.679277e-09	-7.004654e-07	 1.899334e-07	-9.589071e-08	 1.479833e-08	-2.251071e-04	 4.522644e-06	 1.151171e-04	 3.654781e-03	 7.908437e-05	 4.549891e-04	 4.980287e-04	-7.296091e-05	 1.804421e-04	-1.773330e-04	-1.146492e-05	 9.165942e-05	 3.511194e-08	-5.132523e-08	 1.428037e-07	 8.401207e-09	 3.025946e-08	 5.097660e-07	 3.766942e-07	-1.638742e-09	-4.705795e-10	-1.406130e-08	 1.248911e-06	-2.252098e-08	 6.580577e-10	-3.227374e-06	-2.860671e-10	 3.999877e-16	 5.987954e-08	 2.251932e-08	
-1.064572e-09	 4.005809e-09	-1.936794e-06	-1.005035e-07	-5.084118e-08	-4.174046e-08	 6.994980e-04	-9.854757e-07	-3.596396e-05	 3.809624e-04	 8.462060e-05	-3.573997e-04	-1.311530e-03	 4.489093e-06	 1.748129e-06	-4.330797e-05	 3.967391e-04	 9.108984e-04	-1.274255e-07	 9.103924e-08	-5.521091e-08	 1.570416e-07	-1.734387e-07	 6.550518e-07	-1.638742e-09	 3.853667e-07	-7.779288e-09	-5.263779e-08	-3.908840e-06	-2.350263e-08	-4.516183e-10	 1.114065e-07	 1.432518e-09	-2.113693e-16	-3.665100e-08	 2.349833e-08	
 6.540018e-09	-5.087880e-08	 2.862111e-05	 1.152491e-05	 1.702771e-07	-4.486709e-07	 5.948480e-04	 4.177406e-06	-3.417517e-05	 3.894259e-03	 7.097478e-04	 5.040798e-04	 1.425458e-03	-9.636890e-06	-1.902404e-05	 8.591819e-06	-1.984819e-05	 7.659956e-04	-1.585944e-07	-2.762695e-07	-8.600477e-07	-3.253274e-07	-3.673705e-07	 8.051488e-06	-4.705795e-10	-7.779288e-09	 6.206780e-06	 7.652266e-07	-4.785446e-05	 3.513835e-07	 2.774338e-09	 6.212081e-06	 1.301384e-08	 2.427400e-14	 4.515660e-06	-3.513178e-07	
 1.342533e-06	-1.712082e-05	 7.944627e-03	 1.258467e-05	 4.192661e-05	 2.539235e-05	-1.174147e-03	 4.809348e-05	 1.032053e-03	-1.743267e-02	-1.174926e-02	-6.330368e-03	-5.535457e-03	-1.031228e-03	 2.593608e-04	 2.386088e-04	 8.982416e-05	-1.294631e-04	-7.595515e-06	-3.060180e-06	-7.781209e-06	-1.942870e-05	-4.117525e-05	-1.608537e-04	-1.406130e-08	-5.263779e-08	 7.652266e-07	 2.237233e-04	 1.955458e-03	 1.055615e-04	 5.695165e-07	 3.055225e-03	 1.738531e-06	 2.669806e-14	-4.460435e-05	-1.055432e-04	
 1.328217e-05	-1.654544e-04	 7.473574e-02	 1.212324e-02	 6.437562e-04	 6.319520e-03	-1.780946e-01	 5.629835e-03	 3.203823e-02	-9.446953e-01	-3.308177e-01	 6.790467e-03	 1.243163e-01	-9.210579e-02	-1.230206e-02	-2.770993e-02	-3.671439e-02	-8.384695e-03	-4.675901e-05	-1.302032e-05	 4.880770e-04	-3.016605e-04	-1.194494e-04	-1.094200e-03	 1.248911e-06	-3.908840e-06	-4.785446e-05	 1.955458e-03	 6.267304e-01	 1.001501e-03	 5.633679e-06	 2.971682e-02	 9.933033e-06	 2.556048e-11	 4.479008e-03	-1.001330e-03	
 6.005413e-07	-9.182458e-06	 4.088046e-03	 4.436120e-06	 2.204976e-05	 1.287725e-05	-1.079501e-04	 1.665716e-05	 4.859340e-04	-7.703080e-03	-5.404593e-03	-3.127029e-03	-3.209689e-03	-3.619284e-04	 1.600044e-04	 2.165655e-04	 1.117383e-04	-2.009217e-04	-3.850019e-06	-8.946175e-07	-3.774676e-06	-8.536627e-06	-1.808947e-05	-7.649592e-05	-2.252098e-08	-2.350263e-08	 3.513835e-07	 1.055615e-04	 1.001501e-03	 5.534093e-05	 2.547687e-07	 1.771337e-03	 7.431825e-07	 9.443551e-15	-2.466064e-05	-5.533155e-05	
 7.888648e-09	-3.653130e-08	 2.144575e-05	 1.075139e-07	 9.621859e-08	 8.019896e-08	-2.600579e-05	 5.680982e-07	 6.850073e-06	-1.298211e-04	-7.724347e-05	-2.584988e-05	-2.873891e-06	-1.166909e-05	-4.482636e-07	-2.375229e-06	-3.644234e-06	 2.061884e-06	-2.838625e-08	-1.724452e-08	-4.624307e-08	-1.011243e-07	-2.080653e-07	-7.909689e-07	 6.580577e-10	-4.516183e-10	 2.774338e-09	 5.695165e-07	 5.633679e-06	 2.547687e-07	 3.346468e-09	 9.297347e-07	 3.477697e-09	 2.270609e-16	-8.124294e-08	-2.547196e-07	
 2.191140e-06	-3.192864e-04	 1.207014e-01	-1.494924e-04	 7.218112e-04	 3.545954e-04	 7.682898e-02	-1.043166e-03	 1.420877e-03	 4.394161e-02	-1.120010e-02	-6.658266e-02	-1.424001e-01	 2.010543e-02	 8.975934e-03	 1.845920e-02	 1.758185e-02	-1.550092e-02	-8.749819e-05	 1.000956e-05	-2.091296e-05	-7.834760e-05	-1.439875e-04	-8.556403e-04	-3.227374e-06	 1.114065e-07	 6.212081e-06	 3.055225e-03	 2.971682e-02	 1.771337e-03	 9.297347e-07	 8.239082e-02	 1.256994e-05	-3.121211e-13	-9.297830e-04	-1.771060e-03	
 8.198526e-09	-8.164159e-08	 6.496134e-05	 1.478354e-07	 3.107858e-07	 1.303779e-07	 2.439150e-05	-9.652650e-08	-1.203454e-06	 4.713742e-05	 7.218479e-06	-1.039531e-05	-3.709510e-05	 4.887890e-06	 2.828740e-06	 5.672892e-07	 1.106278e-07	-6.799832e-06	-6.373906e-08	 1.983285e-08	-6.172205e-08	-4.116227e-08	-3.995597e-07	-1.894365e-06	-2.860671e-10	 1.432518e-09	 1.301384e-08	 1.738531e-06	 9.933033e-06	 7.431825e-07	 3.477697e-09	 1.256994e-05	 8.410613e-08	 3.129743e-16	-8.270387e-08	-7.430336e-07	
 5.353789e-16	-9.817590e-16	 9.445427e-13	 5.681837e-13	 1.054151e-14	 2.572551e-13	-9.490111e-12	 3.656419e-13	 9.851420e-13	-3.066726e-11	-8.866438e-12	 7.997271e-12	 2.089995e-11	-5.578510e-12	-1.409206e-12	-2.655948e-12	-2.990208e-12	 2.956155e-12	-5.127775e-16	-1.157135e-15	 1.500920e-14	-1.070774e-14	-3.873699e-15	-1.431421e-15	 3.999877e-16	-2.113693e-16	 2.427400e-14	 2.669806e-14	 2.556048e-11	 9.443551e-15	 2.270609e-16	-3.121211e-13	 3.129743e-16	 1.198388e-21	 2.273471e-13	-9.441381e-15	
-1.914974e-07	 4.317786e-06	-1.750477e-03	 1.078175e-04	-5.769120e-06	 4.368789e-05	-2.781129e-03	 8.637105e-05	 1.516951e-04	-7.647560e-03	-2.162451e-04	 3.775209e-03	 6.958762e-03	-1.438550e-03	-2.670521e-04	-7.178859e-04	-7.189728e-04	 9.753525e-04	 1.879164e-06	 3.917864e-07	 5.024763e-06	 2.202188e-06	 7.992328e-06	 3.736106e-05	 5.987954e-08	-3.665100e-08	 4.515660e-06	-4.460435e-05	 4.479008e-03	-2.466064e-05	-8.124294e-08	-9.297830e-04	-8.270387e-08	 2.273471e-13	 5.724873e-05	 2.465663e-05	
-6.004255e-07	 9.180930e-06	-4.087343e-03	-4.435098e-06	-2.204603e-05	-1.287502e-05	 1.078707e-04	-1.665312e-05	-4.858416e-04	 7.701563e-03	 5.403557e-03	 3.126476e-03	 3.209177e-03	 3.618427e-04	-1.599801e-04	-2.165391e-04	-1.117318e-04	 2.008937e-04	 3.849337e-06	 8.944410e-07	 3.773962e-06	 8.535027e-06	 1.808602e-05	 7.648147e-05	 2.251932e-08	 2.349833e-08	-3.513178e-07	-1.055432e-04	-1.001330e-03	-5.533155e-05	-2.547196e-07	-1.771060e-03	-7.430336e-07	-9.441381e-15	 2.465663e-05	 5.532217e-05	
