#          omega_b,        omega_cdm,               H0,     ln10^{10}A_s,              n_s,         tau_reio, scf_parameters__2, scf_parameters__3, scf_parameters__6,        A_cib_217,        xi_sz_cib,             A_sz,     ps_A_100_100,     ps_A_143_143,     ps_A_143_217,     ps_A_217_217,         ksz_norm,     gal545_A_100,     gal545_A_143, gal545_A_143_217,     gal545_A_217,    galf_TE_A_100, galf_TE_A_100_143, galf_TE_A_100_217,    galf_TE_A_143, galf_TE_A_143_217,    galf_TE_A_217,       calib_100T,       calib_217T,         A_planck,           z_reio,              YHe,             rs_d,      100*theta_s,              A_s,           sigma8,          z_trans,        Omega_m_0
 2.771721e-08	-1.555284e-07	 2.622786e-04	 6.494287e-08	 4.373105e-07	 1.685909e-07	 6.118441e-04	-3.806736e-07	 5.350210e-06	-1.150014e-04	 2.526141e-06	 2.616467e-05	-5.958569e-04	-3.247525e-04	-9.881222e-05	-6.982287e-07	-4.620154e-05	-8.354902e-07	-1.499226e-05	-2.464679e-05	-5.908322e-07	-6.293994e-08	-4.519538e-08	-5.046581e-08	-3.739087e-07	-6.020034e-07	-2.983005e-06	 3.048422e-09	-2.438443e-09	 3.537851e-09	 5.170582e-06	 1.177011e-08	 1.041889e-05	 1.448115e-08	 1.382251e-16	 3.783005e-06	 3.467045e-04	-3.025732e-06	
-1.555284e-07	 2.356965e-06	-2.835678e-03	 2.612967e-06	-5.864605e-06	-1.646017e-06	-1.335824e-02	 1.030096e-05	-4.796421e-05	 3.303167e-04	-1.058515e-05	-1.132420e-04	 2.829625e-03	 1.816969e-03	 9.148566e-04	 6.758189e-04	 1.416190e-04	-3.121576e-05	 1.839175e-05	 8.696091e-05	 1.185949e-04	 3.068368e-07	 1.060178e-07	-5.488531e-07	 2.726478e-06	 2.729681e-06	 1.847786e-05	-3.109089e-09	 1.130505e-08	 1.117724e-07	-6.320370e-05	-6.416624e-08	-4.527197e-04	-1.459118e-07	 5.455934e-15	-3.293028e-05	-4.556514e-03	 3.145088e-05	
 2.622786e-04	-2.835678e-03	 2.525603e+01	-1.595024e-02	 8.594094e-03	-3.586416e-03	 3.965261e+01	-5.211321e-01	 3.348373e-01	-1.983400e+00	 4.598854e-02	 2.842123e-01	-9.929393e+00	-4.684665e+00	-1.333241e+00	 1.368685e-01	-7.725935e-01	-2.878727e-02	-3.068129e-01	-6.481029e-01	-4.798960e-01	-1.198920e-03	-2.903456e-04	-1.339627e-03	-4.631840e-03	-6.376651e-03	-3.581327e-02	 1.487625e-06	-6.794694e-05	-1.113146e-03	-6.871312e-01	 1.165904e-04	 4.570523e-01	 2.029540e-04	-3.333852e-11	 3.654203e-01	 1.228310e+01	-1.518070e-01	
 6.494287e-08	 2.612967e-06	-1.595024e-02	 3.134656e-04	-2.779631e-06	 1.387209e-04	-7.771749e-02	-5.233732e-06	-4.026545e-04	-3.512453e-03	 1.014280e-04	 5.699825e-04	-7.596079e-03	-7.196574e-04	 4.988885e-03	 1.077837e-02	-2.568748e-03	-5.481987e-04	-9.568445e-04	-4.412954e-04	 3.159233e-03	-4.593380e-06	-5.005907e-06	 4.490466e-06	 8.000632e-07	 1.159370e-07	 5.685684e-05	 1.980796e-07	 2.443225e-08	 1.298208e-05	 1.445442e-02	 3.253463e-08	-7.574960e-04	-4.533504e-09	 6.553066e-13	-1.968406e-04	-2.686419e-02	 1.872307e-04	
 4.373105e-07	-5.864605e-06	 8.594094e-03	-2.779631e-06	 2.447700e-05	 7.045499e-06	 3.617178e-02	-3.589809e-05	 1.602969e-04	-5.167268e-03	 1.219690e-04	 1.082916e-03	-2.963391e-02	-1.042170e-02	-5.294191e-04	 3.227483e-03	-2.368413e-03	 3.508834e-04	-4.698575e-04	-7.313708e-04	 6.462083e-04	-2.331807e-06	-5.201900e-08	 3.337162e-06	-7.682169e-06	-7.635043e-06	-4.963306e-05	-8.216945e-08	-1.074464e-07	-6.064123e-07	 4.187969e-04	 1.820544e-07	 1.069836e-03	 4.788908e-07	-5.788888e-15	 1.206384e-04	 1.317354e-02	-9.596613e-05	
 1.685909e-07	-1.646017e-06	-3.586416e-03	 1.387209e-04	 7.045499e-06	 7.396647e-05	-3.458412e-02	-3.153244e-05	-1.326631e-04	-1.962898e-03	 3.678900e-05	 4.597543e-04	-9.715438e-03	-3.503331e-03	-3.097281e-04	 5.435882e-04	-9.943134e-04	-4.045586e-05	-7.257980e-05	 8.624811e-05	 4.339568e-04	-2.817498e-06	-1.477484e-06	 3.389062e-06	-1.049009e-06	-3.207264e-06	-3.133043e-06	-1.078906e-08	 1.136244e-09	-2.321211e-06	 7.582755e-03	 7.547115e-08	 2.510532e-04	 1.142182e-07	 2.899636e-13	-5.087785e-05	-9.801123e-03	 5.257464e-05	
 6.118441e-04	-1.335824e-02	 3.965261e+01	-7.771749e-02	 3.617178e-02	-3.458412e-02	 1.447709e+04	 3.801013e-01	-2.441555e+00	-1.179807e+01	 3.620955e-01	 1.194862e+00	-4.506858e+01	-1.715478e+01	-2.490830e-01	 1.021121e+01	-3.293929e+00	-4.343110e-01	-1.196204e+00	-1.410086e+00	 3.162510e+00	 2.774143e-02	 2.248358e-02	-1.105599e-02	 3.172245e-02	 5.521224e-03	-6.055419e-03	-2.949186e-04	-2.385063e-04	 6.602977e-03	-4.578517e+00	-1.707222e-03	 4.092981e+00	 2.748613e-03	-1.639468e-10	-2.911552e-01	 2.067397e+03	-2.162194e-01	
-3.806736e-07	 1.030096e-05	-5.211321e-01	-5.233732e-06	-3.589809e-05	-3.153244e-05	 3.801013e-01	 2.620636e-02	 1.648668e-04	 7.653752e-03	-2.020141e-04	-6.975305e-04	 1.231051e-02	 8.964293e-03	 1.000166e-04	-1.019685e-03	 2.935182e-03	-2.913784e-03	-2.516413e-03	-1.851317e-03	-3.096723e-03	-9.230522e-06	 2.677084e-05	-8.202331e-05	 8.734577e-05	 4.885083e-05	 8.268254e-05	 1.264952e-07	 2.014930e-07	 1.324871e-05	-3.409793e-03	-2.795135e-07	-2.232092e-03	-3.341166e-07	-9.586519e-15	-4.343824e-03	 3.211651e-01	-1.986927e-04	
 5.350210e-06	-4.796421e-05	 3.348373e-01	-4.026545e-04	 1.602969e-04	-1.326631e-04	-2.441555e+00	 1.648668e-04	 1.189423e-02	-5.063767e-02	 1.173589e-03	 6.994297e-03	-2.555225e-01	-1.075297e-01	-2.252178e-02	 1.845198e-02	-2.103207e-02	-3.342066e-03	-1.100173e-02	-1.940975e-02	-1.306664e-02	-4.903393e-05	-8.074074e-06	-9.921958e-05	-8.282450e-05	-1.358036e-04	-7.368468e-04	 9.259928e-08	-1.706129e-06	-1.543249e-05	-2.218650e-02	 3.045484e-06	 6.276803e-03	 2.195094e-06	-8.408014e-13	 7.817384e-03	 2.241153e-03	-4.707077e-03	
-1.150014e-04	 3.303167e-04	-1.983400e+00	-3.512453e-03	-5.167268e-03	-1.962898e-03	-1.179807e+01	 7.653752e-03	-5.063767e-02	 4.455462e+01	-3.947088e-01	-9.391325e-01	 3.794865e+01	 2.526373e+00	-1.285848e+01	-5.499522e+01	 1.588039e-01	 2.145898e-01	 6.516110e-01	-5.623050e+00	-3.298122e+01	 1.020158e-03	 1.122554e-03	-3.878363e-04	 1.130484e-03	-1.246674e-03	 1.517439e-02	-1.927613e-04	 7.441440e-04	 6.955247e-04	-1.326300e-01	-4.634392e-05	 3.885646e-02	 1.766868e-05	-7.391542e-12	-4.293437e-02	-3.864175e+00	 2.389017e-02	
 2.526141e-06	-1.058515e-05	 4.598854e-02	 1.014280e-04	 1.219690e-04	 3.678900e-05	 3.620955e-01	-2.020141e-04	 1.173589e-03	-3.947088e-01	 8.035024e-02	-3.165735e-02	-6.673417e-01	 8.955429e-01	 1.701877e+00	 6.502449e-01	 2.924774e-02	-6.417483e-03	 8.384433e-03	 1.137071e-01	 1.511171e-01	-2.584568e-05	 9.260123e-06	-1.586209e-04	-3.760980e-05	-1.270667e-04	-6.583426e-04	 4.855986e-06	-1.830052e-06	 1.917271e-06	 2.135005e-03	 1.025447e-06	 3.368862e-05	 2.987986e-07	 2.130818e-13	 9.969641e-04	 1.054554e-01	-5.808674e-04	
 2.616467e-05	-1.132420e-04	 2.842123e-01	 5.699825e-04	 1.082916e-03	 4.597543e-04	 1.194862e+00	-6.975305e-04	 6.994297e-03	-9.391325e-01	-3.165735e-02	 3.718168e+00	-2.961166e+01	-3.506949e+00	 7.202798e+00	 4.880130e+00	-2.463131e+00	-2.074599e-01	 1.366930e-01	 2.561544e+00	 3.235999e+00	-1.471636e-04	 2.396805e-05	 5.819712e-04	 2.861762e-05	 4.724042e-04	-1.280727e-04	 1.109131e-04	-3.624002e-05	-2.607353e-05	 3.405957e-02	 1.098142e-05	 9.599820e-04	 4.347030e-06	 1.201921e-12	 5.595378e-03	 4.961046e-01	-3.584866e-03	
-5.958569e-04	 2.829625e-03	-9.929393e+00	-7.596079e-03	-2.963391e-02	-9.715438e-03	-4.506858e+01	 1.231051e-02	-2.555225e-01	 3.794865e+01	-6.673417e-01	-2.961166e+01	 7.809753e+02	 7.300973e+01	-5.204691e+01	-5.874948e+01	 1.330489e+01	-6.264337e+00	 5.887123e+00	-1.120330e+01	-2.318045e+01	 7.138741e-03	-4.517562e-03	-2.436559e-03	 1.084270e-03	-3.706354e-03	 6.125708e-02	 3.720747e-03	 6.279611e-04	 4.758014e-03	-6.377782e-01	-2.549168e-04	-8.755321e-02	-1.016507e-05	-1.601848e-11	-2.044791e-01	-1.681791e+01	 1.230018e-01	
-3.247525e-04	 1.816969e-03	-4.684665e+00	-7.196574e-04	-1.042170e-02	-3.503331e-03	-1.715478e+01	 8.964293e-03	-1.075297e-01	 2.526373e+00	 8.955429e-01	-3.506949e+00	 7.300973e+01	 6.278723e+01	 3.975075e+01	 1.424938e+01	-4.104288e+00	-4.559199e-01	-1.224119e+00	 3.683838e+00	 4.525717e+00	 2.422229e-03	 6.599917e-04	-1.469396e-03	 4.216402e-03	 7.574678e-03	 4.814062e-02	 6.707535e-05	 1.549018e-04	 1.047211e-03	-1.860270e-01	-1.377289e-04	-1.207750e-01	-2.968245e-05	-1.523147e-12	-8.383695e-02	-6.950568e+00	 5.447236e-02	
-9.881222e-05	 9.148566e-04	-1.333241e+00	 4.988885e-03	-5.294191e-04	-3.097281e-04	-2.490830e-01	 1.000166e-04	-2.252178e-02	-1.285848e+01	 1.701877e+00	 7.202798e+00	-5.204691e+01	 3.975075e+01	 8.357197e+01	 5.130406e+01	-1.068674e+01	-8.554471e-01	-7.326091e-01	 4.764839e+00	 8.093066e+00	-2.513909e-04	-9.452823e-05	 7.540861e-05	 2.995196e-03	 5.198132e-03	 1.577784e-02	 4.311241e-04	-3.598977e-04	 8.835757e-04	 1.539885e-02	-4.362649e-05	-1.316659e-01	-2.429528e-05	 1.045628e-11	-1.395519e-02	-8.766207e-01	 1.306187e-02	
-6.982287e-07	 6.758189e-04	 1.368685e-01	 1.077837e-02	 3.227483e-03	 5.435882e-04	 1.021121e+01	-1.019685e-03	 1.845198e-02	-5.499522e+01	 6.502449e-01	 4.880130e+00	-5.874948e+01	 1.424938e+01	 5.130406e+01	 1.026125e+02	-8.473568e+00	-7.423175e-01	-1.429487e+00	 4.930789e+00	 3.296736e+01	-5.793690e-04	-2.119483e-03	 3.017141e-03	 1.025021e-03	 8.392904e-03	 6.776511e-03	 4.474835e-04	-1.371389e-03	 2.349999e-03	 4.597690e-02	-4.457240e-06	-1.759394e-01	-5.608147e-05	 2.260442e-11	 2.099127e-02	 2.386967e+00	-6.206836e-03	
-4.620154e-05	 1.416190e-04	-7.725935e-01	-2.568748e-03	-2.368413e-03	-9.943134e-04	-3.293929e+00	 2.935182e-03	-2.103207e-02	 1.588039e-01	 2.924774e-02	-2.463131e+00	 1.330489e+01	-4.104288e+00	-1.068674e+01	-8.473568e+00	 5.303109e+00	 1.218289e-01	-1.289716e-01	-1.865015e+00	-2.242512e+00	 2.788537e-06	 1.026144e-04	-1.535301e-03	 2.348460e-04	-7.395163e-04	-4.899912e-03	-7.143188e-05	 9.890115e-06	-9.183010e-05	-7.430569e-02	-1.934594e-05	 1.362479e-02	 4.780095e-06	-5.379202e-12	-1.768558e-02	-1.320063e+00	 9.745111e-03	
-8.354902e-07	-3.121576e-05	-2.878727e-02	-5.481987e-04	 3.508834e-04	-4.045586e-05	-4.343110e-01	-2.913784e-03	-3.342066e-03	 2.145898e-01	-6.417483e-03	-2.074599e-01	-6.264337e+00	-4.559199e-01	-8.554471e-01	-7.423175e-01	 1.218289e-01	 3.349477e+00	 5.582171e-01	 1.642471e-01	 1.062481e-01	-4.043201e-04	 5.928136e-04	-8.476588e-05	-2.241725e-04	 3.881700e-04	-1.077726e-03	 1.766710e-04	-6.032511e-08	-3.751606e-05	-1.938610e-03	-8.409460e-07	 9.280360e-03	 1.423020e-06	-1.148087e-12	-2.230666e-03	-1.759630e-01	 1.258576e-03	
-1.499226e-05	 1.839175e-05	-3.068129e-01	-9.568445e-04	-4.698575e-04	-7.257980e-05	-1.196204e+00	-2.516413e-03	-1.100173e-02	 6.516110e-01	 8.384433e-03	 1.366930e-01	 5.887123e+00	-1.224119e+00	-7.326091e-01	-1.429487e+00	-1.289716e-01	 5.582171e-01	 3.189543e+00	 2.733283e+00	 2.709743e+00	 2.962259e-04	-3.430218e-04	-2.296251e-04	 5.938550e-05	-5.608570e-04	-1.893553e-03	-1.876299e-04	-3.458582e-05	-1.121527e-04	 3.853402e-03	-6.486772e-06	 1.186581e-02	-1.980688e-06	-2.007372e-12	-8.432944e-03	-5.719652e-01	 4.794086e-03	
-2.464679e-05	 8.696091e-05	-6.481029e-01	-4.412954e-04	-7.313708e-04	 8.624811e-05	-1.410086e+00	-1.851317e-03	-1.940975e-02	-5.623050e+00	 1.137071e-01	 2.561544e+00	-1.120330e+01	 3.683838e+00	 4.764839e+00	 4.930789e+00	-1.865015e+00	 1.642471e-01	 2.733283e+00	 1.086832e+01	 1.934979e+01	 6.193055e-04	 2.784275e-05	-5.047795e-04	 2.230294e-04	 4.367859e-04	 8.993000e-03	-2.924379e-05	 4.221782e-04	-1.061019e-04	 2.749415e-02	-1.068684e-05	 4.549024e-03	-3.506471e-07	-9.133742e-13	-1.496304e-02	-8.478343e-01	 8.522948e-03	
-5.908322e-07	 1.185949e-04	-4.798960e-01	 3.159233e-03	 6.462083e-04	 4.339568e-04	 3.162510e+00	-3.096723e-03	-1.306664e-02	-3.298122e+01	 1.511171e-01	 3.235999e+00	-2.318045e+01	 4.525717e+00	 8.093066e+00	 3.296736e+01	-2.242512e+00	 1.062481e-01	 2.709743e+00	 1.934979e+01	 5.370615e+01	 8.240093e-05	-4.425585e-04	 6.576999e-04	 5.926006e-04	 7.596019e-04	 1.265728e-02	 5.937918e-05	 9.370399e-04	 1.029612e-03	 5.038702e-02	-2.591312e-06	-2.948650e-02	-1.435804e-05	 6.652513e-12	-8.339678e-03	 2.502406e-01	 5.406877e-03	
-6.293994e-08	 3.068368e-07	-1.198920e-03	-4.593380e-06	-2.331807e-06	-2.817498e-06	 2.774143e-02	-9.230522e-06	-4.903393e-05	 1.020158e-03	-2.584568e-05	-1.471636e-04	 7.138741e-03	 2.422229e-03	-2.513909e-04	-5.793690e-04	 2.788537e-06	-4.043201e-04	 2.962259e-04	 6.193055e-04	 8.240093e-05	 1.441479e-03	 2.760459e-04	 9.366166e-05	-3.603406e-04	-1.042448e-04	-9.245180e-05	 5.530731e-08	-7.018358e-08	 8.788735e-08	-2.405600e-04	-3.585006e-08	-6.171253e-06	-1.540302e-07	-9.705805e-15	-3.125718e-05	 2.795036e-03	 1.836891e-05	
-4.519538e-08	 1.060178e-07	-2.903456e-04	-5.005907e-06	-5.201900e-08	-1.477484e-06	 2.248358e-02	 2.677084e-05	-8.074074e-06	 1.122554e-03	 9.260123e-06	 2.396805e-05	-4.517562e-03	 6.599917e-04	-9.452823e-05	-2.119483e-03	 1.026144e-04	 5.928136e-04	-3.430218e-04	 2.784275e-05	-4.425585e-04	 2.760459e-04	 8.719113e-04	 3.246650e-05	 7.381808e-04	 4.178633e-05	-7.220139e-04	-2.468907e-08	 1.236798e-07	-9.166890e-07	-1.368829e-04	-2.553432e-08	 2.500390e-05	-6.280193e-08	-1.060546e-14	-4.547660e-06	 3.174072e-03	 1.586577e-06	
-5.046581e-08	-5.488531e-07	-1.339627e-03	 4.490466e-06	 3.337162e-06	 3.389062e-06	-1.105599e-02	-8.202331e-05	-9.921958e-05	-3.878363e-04	-1.586209e-04	 5.819712e-04	-2.436559e-03	-1.469396e-03	 7.540861e-05	 3.017141e-03	-1.535301e-03	-8.476588e-05	-2.296251e-04	-5.047795e-04	 6.576999e-04	 9.366166e-05	 3.246650e-05	 7.195732e-03	-3.169998e-04	 6.474297e-04	 4.482252e-03	-9.194128e-08	 8.836569e-08	 7.998649e-08	 4.097310e-04	-2.750041e-08	 2.023285e-04	-2.451388e-07	 9.287493e-15	-5.585388e-05	-5.706862e-03	 4.001655e-05	
-3.739087e-07	 2.726478e-06	-4.631840e-03	 8.000632e-07	-7.682169e-06	-1.049009e-06	 3.172245e-02	 8.734577e-05	-8.282450e-05	 1.130484e-03	-3.760980e-05	 2.861762e-05	 1.084270e-03	 4.216402e-03	 2.995196e-03	 1.025021e-03	 2.348460e-04	-2.241725e-04	 5.938550e-05	 2.230294e-04	 5.926006e-04	-3.603406e-04	 7.381808e-04	-3.169998e-04	 2.917600e-03	 5.248320e-04	-1.029123e-03	-1.620347e-08	 2.357100e-07	-1.285593e-06	 7.645597e-05	-1.671963e-07	-3.026125e-04	-2.619062e-07	 1.395327e-15	-5.755947e-05	 8.771059e-04	 4.384681e-05	
-6.020034e-07	 2.729681e-06	-6.376651e-03	 1.159370e-07	-7.635043e-06	-3.207264e-06	 5.521224e-03	 4.885083e-05	-1.358036e-04	-1.246674e-03	-1.270667e-04	 4.724042e-04	-3.706354e-03	 7.574678e-03	 5.198132e-03	 8.392904e-03	-7.395163e-04	 3.881700e-04	-5.608570e-04	 4.367859e-04	 7.596019e-04	-1.042448e-04	 4.178633e-05	 6.474297e-04	 5.248320e-04	 6.449530e-03	 7.841832e-03	 1.585921e-07	-8.378240e-08	 6.230107e-07	-7.103979e-05	-2.487541e-07	-5.667233e-05	-3.657787e-07	 1.300098e-16	-9.528375e-05	-5.105102e-03	 6.642541e-05	
-2.983005e-06	 1.847786e-05	-3.581327e-02	 5.685684e-05	-4.963306e-05	-3.133043e-06	-6.055419e-03	 8.268254e-05	-7.368468e-04	 1.517439e-02	-6.583426e-04	-1.280727e-04	 6.125708e-02	 4.814062e-02	 1.577784e-02	 6.776511e-03	-4.899912e-03	-1.077726e-03	-1.893553e-03	 8.993000e-03	 1.265728e-02	-9.245180e-05	-7.220139e-04	 4.482252e-03	-1.029123e-03	 7.841832e-03	 7.222923e-02	 8.236669e-07	-5.024464e-07	 1.255302e-05	 1.113766e-03	-1.258310e-06	-1.590264e-03	-1.892432e-06	 1.182366e-13	-4.951534e-04	-3.582853e-02	 3.934934e-04	
 3.048422e-09	-3.109089e-09	 1.487625e-06	 1.980796e-07	-8.216945e-08	-1.078906e-08	-2.949186e-04	 1.264952e-07	 9.259928e-08	-1.927613e-04	 4.855986e-06	 1.109131e-04	 3.720747e-03	 6.707535e-05	 4.311241e-04	 4.474835e-04	-7.143188e-05	 1.766710e-04	-1.876299e-04	-2.924379e-05	 5.937918e-05	 5.530731e-08	-2.468907e-08	-9.194128e-08	-1.620347e-08	 1.585921e-07	 8.236669e-07	 3.806448e-07	-8.362651e-12	 3.364957e-08	-1.898206e-06	 1.089224e-09	-2.513551e-06	 1.285181e-09	 4.154202e-16	 1.924641e-08	-2.455747e-05	-6.879035e-08	
-2.438443e-09	 1.130505e-08	-6.794694e-05	 2.443225e-08	-1.074464e-07	 1.136244e-09	-2.385063e-04	 2.014930e-07	-1.706129e-06	 7.441440e-04	-1.830052e-06	-3.624002e-05	 6.279611e-04	 1.549018e-04	-3.598977e-04	-1.371389e-03	 9.890115e-06	-6.032511e-08	-3.458582e-05	 4.221782e-04	 9.370399e-04	-7.018358e-08	 1.236798e-07	 8.836569e-08	 2.357100e-07	-8.378240e-08	-5.024464e-07	-8.362651e-12	 3.891385e-07	 6.354203e-09	 1.966806e-06	-9.975703e-10	-3.126175e-07	-8.659825e-10	 5.216187e-17	-1.398061e-06	-1.030739e-04	 7.847525e-07	
 3.537851e-09	 1.117724e-07	-1.113146e-03	 1.298208e-05	-6.064123e-07	-2.321211e-06	 6.602977e-03	 1.324871e-05	-1.543249e-05	 6.955247e-04	 1.917271e-06	-2.607353e-05	 4.758014e-03	 1.047211e-03	 8.835757e-04	 2.349999e-03	-9.183010e-05	-3.751606e-05	-1.121527e-04	-1.061019e-04	 1.029612e-03	 8.788735e-08	-9.166890e-07	 7.998649e-08	-1.285593e-06	 6.230107e-07	 1.255302e-05	 3.364957e-08	 6.354203e-09	 8.338143e-06	-2.338575e-04	-4.290940e-10	-3.208988e-05	 9.156705e-09	 2.717499e-14	-1.137350e-05	 7.760287e-04	 5.884469e-06	
 5.170582e-06	-6.320370e-05	-6.871312e-01	 1.445442e-02	 4.187969e-04	 7.582755e-03	-4.578517e+00	-3.409793e-03	-2.218650e-02	-1.326300e-01	 2.135005e-03	 3.405957e-02	-6.377782e-01	-1.860270e-01	 1.539885e-02	 4.597690e-02	-7.430569e-02	-1.938610e-03	 3.853402e-03	 2.749415e-02	 5.038702e-02	-2.405600e-04	-1.368829e-04	 4.097310e-04	 7.645597e-05	-7.103979e-05	 1.113766e-03	-1.898206e-06	 1.966806e-06	-2.338575e-04	 7.889529e-01	 1.069917e-06	 1.152428e-02	 4.142436e-06	 3.020261e-11	-1.145121e-02	-1.497914e+00	 9.508154e-03	
 1.177011e-08	-6.416624e-08	 1.165904e-04	 3.253463e-08	 1.820544e-07	 7.547115e-08	-1.707222e-03	-2.795135e-07	 3.045484e-06	-4.634392e-05	 1.025447e-06	 1.098142e-05	-2.549168e-04	-1.377289e-04	-4.362649e-05	-4.457240e-06	-1.934594e-05	-8.409460e-07	-6.486772e-06	-1.068684e-05	-2.591312e-06	-3.585006e-08	-2.553432e-08	-2.750041e-08	-1.671963e-07	-2.487541e-07	-1.258310e-06	 1.089224e-09	-9.975703e-10	-4.290940e-10	 1.069917e-06	 2.058949e-07	-3.542221e-05	-5.778912e-09	-4.773238e-16	 1.652377e-06	-1.626719e-04	-1.427787e-06	
 1.041889e-05	-4.527197e-04	 4.570523e-01	-7.574960e-04	 1.069836e-03	 2.510532e-04	 4.092981e+00	-2.232092e-03	 6.276803e-03	 3.885646e-02	 3.368862e-05	 9.599820e-04	-8.755321e-02	-1.207750e-01	-1.316659e-01	-1.759394e-01	 1.362479e-02	 9.280360e-03	 1.186581e-02	 4.549024e-03	-2.948650e-02	-6.171253e-06	 2.500390e-05	 2.023285e-04	-3.026125e-04	-5.667233e-05	-1.590264e-03	-2.513551e-06	-3.126175e-07	-3.208988e-05	 1.152428e-02	-3.542221e-05	 1.164652e-01	 2.520793e-05	-1.478266e-12	 4.388867e-03	 1.010773e+00	-4.902214e-03	
 1.448115e-08	-1.459118e-07	 2.029540e-04	-4.533504e-09	 4.788908e-07	 1.142182e-07	 2.748613e-03	-3.341166e-07	 2.195094e-06	 1.766868e-05	 2.987986e-07	 4.347030e-06	-1.016507e-05	-2.968245e-05	-2.429528e-05	-5.608147e-05	 4.780095e-06	 1.423020e-06	-1.980688e-06	-3.506471e-07	-1.435804e-05	-1.540302e-07	-6.280193e-08	-2.451388e-07	-2.619062e-07	-3.657787e-07	-1.892432e-06	 1.285181e-09	-8.659825e-10	 9.156705e-09	 4.142436e-06	-5.778912e-09	 2.520793e-05	 1.302986e-07	 2.149469e-17	 1.935582e-06	 6.034369e-04	-2.165229e-06	
 1.382251e-16	 5.455934e-15	-3.333852e-11	 6.553066e-13	-5.788888e-15	 2.899636e-13	-1.639468e-10	-9.586519e-15	-8.408014e-13	-7.391542e-12	 2.130818e-13	 1.201921e-12	-1.601848e-11	-1.523147e-12	 1.045628e-11	 2.260442e-11	-5.379202e-12	-1.148087e-12	-2.007372e-12	-9.133742e-13	 6.652513e-12	-9.705805e-15	-1.060546e-14	 9.287493e-15	 1.395327e-15	 1.300098e-16	 1.182366e-13	 4.154202e-16	 5.216187e-17	 2.717499e-14	 3.020261e-11	-4.773238e-16	-1.478266e-12	 2.149469e-17	 1.371670e-21	-4.100929e-13	-5.627317e-11	 3.911886e-13	
 3.783005e-06	-3.293028e-05	 3.654203e-01	-1.968406e-04	 1.206384e-04	-5.087785e-05	-2.911552e-01	-4.343824e-03	 7.817384e-03	-4.293437e-02	 9.969641e-04	 5.595378e-03	-2.044791e-01	-8.383695e-02	-1.395519e-02	 2.099127e-02	-1.768558e-02	-2.230666e-03	-8.432944e-03	-1.496304e-02	-8.339678e-03	-3.125718e-05	-4.547660e-06	-5.585388e-05	-5.755947e-05	-9.528375e-05	-4.951534e-04	 1.924641e-08	-1.398061e-06	-1.137350e-05	-1.145121e-02	 1.652377e-06	 4.388867e-03	 1.935582e-06	-4.100929e-13	 6.766621e-03	 1.651632e-01	-3.293309e-03	
 3.467045e-04	-4.556514e-03	 1.228310e+01	-2.686419e-02	 1.317354e-02	-9.801123e-03	 2.067397e+03	 3.211651e-01	 2.241153e-03	-3.864175e+00	 1.054554e-01	 4.961046e-01	-1.681791e+01	-6.950568e+00	-8.766207e-01	 2.386967e+00	-1.320063e+00	-1.759630e-01	-5.719652e-01	-8.478343e-01	 2.502406e-01	 2.795036e-03	 3.174072e-03	-5.706862e-03	 8.771059e-04	-5.105102e-03	-3.582853e-02	-2.455747e-05	-1.030739e-04	 7.760287e-04	-1.497914e+00	-1.626719e-04	 1.010773e+00	 6.034369e-04	-5.627317e-11	 1.651632e-01	 3.164153e+02	-1.984988e-01	
-3.025732e-06	 3.145088e-05	-1.518070e-01	 1.872307e-04	-9.596613e-05	 5.257464e-05	-2.162194e-01	-1.986927e-04	-4.707077e-03	 2.389017e-02	-5.808674e-04	-3.584866e-03	 1.230018e-01	 5.447236e-02	 1.306187e-02	-6.206836e-03	 9.745111e-03	 1.258576e-03	 4.794086e-03	 8.522948e-03	 5.406877e-03	 1.836891e-05	 1.586577e-06	 4.001655e-05	 4.384681e-05	 6.642541e-05	 3.934934e-04	-6.879035e-08	 7.847525e-07	 5.884469e-06	 9.508154e-03	-1.427787e-06	-4.902214e-03	-2.165229e-06	 3.911886e-13	-3.293309e-03	-1.984988e-01	 2.077501e-03	
