#          omega_b,        omega_cdm,               H0,     ln10^{10}A_s,              n_s,         tau_reio, scf_parameters__2, scf_parameters__3, scf_parameters__6,        A_cib_217,        xi_sz_cib,             A_sz,     ps_A_100_100,     ps_A_143_143,     ps_A_143_217,     ps_A_217_217,         ksz_norm,     gal545_A_100,     gal545_A_143, gal545_A_143_217,     gal545_A_217,    galf_TE_A_100, galf_TE_A_100_143, galf_TE_A_100_217,    galf_TE_A_143, galf_TE_A_143_217,    galf_TE_A_217,       calib_100T,       calib_217T,         A_planck,                M,           z_reio,              YHe,             rs_d,      100*theta_s,              A_s,           sigma8,          z_trans,        Omega_m_0
 1.941314e-08	-8.465936e-08	 2.336395e-06	 3.125883e-07	 2.129799e-07	 2.203285e-07	-3.665818e-04	 9.327591e-07	-8.795766e-07	-5.985552e-05	 1.537553e-06	 1.125055e-05	-2.486459e-04	-1.774260e-04	-6.740007e-05	-2.000733e-05	-1.884096e-05	 1.219984e-06	-4.218347e-06	-9.628324e-06	 4.472161e-06	-7.339588e-08	-6.135135e-08	-9.219239e-08	-2.759675e-07	-4.812025e-07	-1.985574e-06	 2.567701e-09	-4.498265e-10	-2.948697e-09	 3.711113e-07	 1.742509e-05	 8.068798e-09	 9.537888e-07	 1.433513e-08	 6.565879e-16	-1.087827e-06	-2.606130e-05	-4.964856e-08	
-8.465936e-08	 1.662457e-06	-4.291406e-05	-1.081988e-06	-3.813013e-06	-2.439760e-06	 2.484155e-03	-5.863442e-06	 1.311240e-05	-1.685208e-05	-1.051155e-07	-2.889211e-05	 4.379030e-04	 7.131804e-04	 5.609844e-04	 4.998152e-04	-3.670423e-05	-5.014837e-05	-5.937801e-05	-3.539999e-05	-1.799783e-05	 4.826244e-07	-5.530479e-10	 7.407548e-07	 1.123326e-06	 2.644761e-06	 1.307457e-05	 7.038130e-09	 2.859669e-09	-1.667182e-07	-3.221249e-06	-2.116790e-04	-3.675740e-08	-3.454615e-04	-8.808854e-08	-2.288761e-15	 1.761625e-05	 4.207497e-05	 1.178642e-06	
 2.336395e-06	-4.291406e-05	 9.885077e-01	-8.809979e-04	 5.493907e-05	-3.941005e-04	-1.615756e+00	-4.843527e-02	 9.658044e-03	-3.049116e-03	-4.828822e-04	 7.445451e-03	-6.838404e-02	 3.157878e-02	 1.699036e-02	 3.112767e-03	-8.501391e-03	-1.038288e-02	-1.378616e-02	 8.561684e-03	 1.969003e-02	-8.280930e-05	 5.606624e-05	-4.205131e-04	 2.389218e-04	-1.444967e-04	 5.168460e-04	 1.676827e-07	 1.085678e-06	-1.790721e-05	 1.124981e-02	-4.654681e-02	 9.470365e-07	 8.711477e-03	 2.043900e-05	-1.863407e-12	 1.174772e-02	-3.034453e-01	-3.927996e-03	
 3.125883e-07	-1.081988e-06	-8.809979e-04	 2.879910e-04	 5.828527e-06	 1.299620e-04	-6.783045e-02	 2.962209e-05	-1.826694e-05	-5.004619e-03	 1.717206e-04	 3.304697e-04	-1.508423e-02	-4.821654e-03	 3.141987e-03	 1.012175e-02	-2.369140e-03	-4.501522e-04	-1.143331e-03	-1.714444e-03	 1.829538e-03	-4.165313e-06	-5.068978e-06	 4.011463e-06	-1.130297e-05	-1.428918e-05	-4.538471e-06	 9.859972e-08	-1.824191e-07	 1.313881e-05	-1.570902e-05	 1.314798e-02	 1.413370e-07	-5.503586e-05	 3.116361e-07	 6.028740e-13	 1.003388e-04	-9.640991e-03	 6.884941e-06	
 2.129799e-07	-3.813013e-06	 5.493907e-05	 5.828527e-06	 1.834134e-05	 7.939723e-06	 1.480726e-02	 2.065384e-05	-3.708796e-05	-4.098360e-03	 1.002642e-04	 8.219657e-04	-2.223371e-02	-6.673016e-03	 1.029242e-03	 4.065184e-03	-1.919563e-03	 4.141638e-04	-1.966070e-04	-2.933773e-04	 1.194482e-03	-9.392606e-07	 6.980772e-07	-6.221196e-07	-2.722571e-06	-5.162934e-06	-2.626618e-05	-1.074600e-07	-7.697128e-08	 4.717158e-07	 8.766532e-06	 7.174166e-04	 8.531173e-08	 7.759949e-04	 3.094013e-07	 1.228736e-14	-3.772793e-05	 3.041094e-03	-2.474845e-06	
 2.203285e-07	-2.439760e-06	-3.941005e-04	 1.299620e-04	 7.939723e-06	 6.832583e-05	-3.634177e-02	 1.759498e-05	-2.705348e-05	-2.048894e-03	 5.425499e-05	 2.615713e-04	-9.743306e-03	-4.005737e-03	-5.651067e-04	 8.739452e-04	-7.097566e-04	 4.701566e-06	-1.277881e-04	-5.015789e-04	-1.161236e-04	-3.020059e-06	-2.224995e-06	 1.899710e-06	-6.368590e-06	-8.343750e-06	-1.728447e-05	-2.790174e-08	-9.880202e-08	-4.772594e-07	-6.381126e-06	 6.876515e-03	 9.555402e-08	 4.055159e-04	 2.818726e-07	 2.721270e-13	 2.285940e-05	-4.889331e-03	 3.136936e-06	
-3.665818e-04	 2.484155e-03	-1.615756e+00	-6.783045e-02	 1.480726e-02	-3.634177e-02	 1.676651e+04	 6.450340e-01	-3.693897e+00	-1.330297e+01	 6.225529e-02	 1.439655e+00	-2.888309e+01	-1.998440e+01	-5.471090e+00	 1.102893e+01	-5.714148e+00	 2.291672e+00	-2.165064e+00	-1.222815e+00	 5.259989e+00	 8.082435e-03	-1.213790e-02	 9.454669e-02	-1.558001e-02	 1.365130e-02	 2.059130e-01	 1.174679e-04	 1.433282e-04	-3.414852e-03	 1.704721e-01	-3.786353e+00	-2.925340e-03	 1.491557e+00	 1.538692e-03	-1.421684e-10	-8.474510e-01	 2.255146e+03	 2.836860e-01	
 9.327591e-07	-5.863442e-06	-4.843527e-02	 2.962209e-05	 2.065384e-05	 1.759498e-05	 6.450340e-01	 6.847089e-03	 4.913678e-04	-5.747034e-03	 2.111091e-04	 3.814618e-04	-1.169777e-02	-9.167117e-03	 1.526441e-03	 6.405116e-03	-2.818899e-03	-2.619324e-04	-1.788480e-04	-2.355075e-03	-1.513819e-03	-2.192779e-05	-9.970839e-06	 4.879435e-05	-2.965307e-05	-1.192834e-05	-1.204390e-04	 3.159348e-07	-1.473032e-07	 1.485897e-06	 5.705570e-04	 1.041849e-03	 2.164942e-07	 6.275080e-04	 2.970406e-06	 6.212062e-14	-1.044414e-04	 1.745022e-01	-3.766920e-04	
-8.795766e-07	 1.311240e-05	 9.658044e-03	-1.826694e-05	-3.708796e-05	-2.705348e-05	-3.693897e+00	 4.913678e-04	 1.627493e-03	 2.394467e-03	-1.654459e-05	-4.319167e-04	 9.606960e-03	 1.032408e-02	 7.180447e-03	 5.463272e-03	 2.916051e-04	-1.275649e-03	-5.389134e-04	-7.833188e-04	-1.549801e-03	-4.745044e-06	 1.133405e-06	-1.748478e-05	 1.746519e-05	 2.977401e-05	 1.076417e-04	 1.124513e-07	 1.076952e-07	 3.575716e-06	 4.085419e-04	-2.669837e-03	 5.484116e-07	-3.078334e-03	-3.594135e-06	-3.892933e-14	 7.007010e-04	-4.952282e-01	-3.025453e-04	
-5.985552e-05	-1.685208e-05	-3.049116e-03	-5.004619e-03	-4.098360e-03	-2.048894e-03	-1.330297e+01	-5.747034e-03	 2.394467e-03	 4.443667e+01	-3.925949e-01	-8.661380e-01	 3.637889e+01	 2.286896e+00	-1.281527e+01	-5.492296e+01	-9.479138e-02	 1.523637e-01	 5.026796e-01	-5.778412e+00	-3.322215e+01	-1.856097e-04	 3.433476e-04	-7.303015e-04	 3.620339e-05	-3.438016e-03	 1.658756e-03	-2.001172e-04	 7.103605e-04	 3.093899e-04	-1.837646e-03	-1.934969e-01	-1.979939e-05	 6.729642e-02	 1.874399e-04	-1.050036e-11	-3.689880e-03	-2.082348e+00	 4.395549e-04	
 1.537553e-06	-1.051155e-07	-4.828822e-04	 1.717206e-04	 1.002642e-04	 5.425499e-05	 6.225529e-02	 2.111091e-04	-1.654459e-05	-3.925949e-01	 8.069073e-02	-3.338685e-02	-6.173249e-01	 9.026042e-01	 1.709340e+00	 6.540975e-01	 3.117749e-02	-7.269621e-03	 1.080451e-02	 1.140591e-01	 1.498715e-01	 2.318997e-05	 7.643219e-06	 6.705357e-05	 2.007515e-05	-7.306480e-05	 1.350967e-04	 4.610204e-06	-2.252193e-06	 9.809999e-06	 5.821438e-05	 5.059228e-03	 5.274297e-07	-1.599706e-03	-3.135374e-06	 3.609908e-13	 1.107980e-04	 1.894744e-02	-1.992383e-05	
 1.125055e-05	-2.889211e-05	 7.445451e-03	 3.304697e-04	 8.219657e-04	 2.615713e-04	 1.439655e+00	 3.814618e-04	-4.319167e-04	-8.661380e-01	-3.338685e-02	 3.698388e+00	-2.950785e+01	-3.353379e+00	 7.235520e+00	 4.969531e+00	-2.465588e+00	-1.972969e-01	 1.415349e-01	 2.544100e+00	 3.171928e+00	-3.651062e-05	 2.829341e-04	 7.401577e-05	 1.952669e-04	 1.186142e-04	-2.288357e-03	 1.017173e-04	-4.263621e-05	-2.985023e-05	 3.992356e-04	 2.375366e-02	 3.827426e-06	-4.237416e-03	-1.595421e-05	 6.937034e-13	 1.132706e-04	 2.242248e-01	-1.034134e-04	
-2.486459e-04	 4.379030e-04	-6.838404e-02	-1.508423e-02	-2.223371e-02	-9.743306e-03	-2.888309e+01	-1.169777e-02	 9.606960e-03	 3.637889e+01	-6.173249e-01	-2.950785e+01	 7.783874e+02	 7.064972e+01	-5.203377e+01	-5.904866e+01	 1.252164e+01	-6.309650e+00	 5.712254e+00	-1.141310e+01	-2.318454e+01	 2.826849e-03	-4.720858e-03	 3.446434e-03	 6.889438e-03	 4.254854e-04	 2.733762e-03	 3.825981e-03	 6.092054e-04	 3.272448e-03	-6.233459e-03	-9.170847e-01	-8.406654e-05	 1.459730e-01	 7.961833e-04	-3.176564e-11	-1.021207e-02	-5.035255e+00	 1.722541e-03	
-1.774260e-04	 7.131804e-04	 3.157878e-02	-4.821654e-03	-6.673016e-03	-4.005737e-03	-1.998440e+01	-9.167117e-03	 1.032408e-02	 2.286896e+00	 9.026042e-01	-3.353379e+00	 7.064972e+01	 6.092460e+01	 3.919889e+01	 1.377332e+01	-4.558440e+00	-4.650372e-01	-1.269681e+00	 3.417155e+00	 3.969718e+00	 1.083941e-03	 1.106617e-03	 1.397886e-03	 2.680710e-03	 4.540218e-03	 2.589892e-02	 8.509864e-05	 1.181123e-04	 5.149908e-04	-2.544719e-03	-3.554294e-01	-6.742225e-05	 3.063903e-03	 3.989683e-04	-1.018144e-11	 5.418388e-03	-3.041363e+00	 3.839763e-04	
-6.740007e-05	 5.609844e-04	 1.699036e-02	 3.141987e-03	 1.029242e-03	-5.651067e-04	-5.471090e+00	 1.526441e-03	 7.180447e-03	-1.281527e+01	 1.709340e+00	 7.235520e+00	-5.203377e+01	 3.919889e+01	 8.346845e+01	 5.131477e+01	-1.102329e+01	-8.465899e-01	-6.607892e-01	 4.694811e+00	 7.757943e+00	 1.639289e-03	 1.350122e-03	 4.928390e-03	 3.152617e-03	 4.307806e-03	 9.801385e-03	 4.141109e-04	-4.004638e-04	 5.955372e-04	 9.964059e-04	-3.599318e-02	-2.887621e-05	-7.350951e-02	 1.095092e-04	 6.548428e-12	 9.849550e-03	-6.205152e-01	-6.962315e-04	
-2.000733e-05	 4.998152e-04	 3.112767e-03	 1.012175e-02	 4.065184e-03	 8.739452e-04	 1.102893e+01	 6.405116e-03	 5.463272e-03	-5.492296e+01	 6.540975e-01	 4.969531e+00	-5.904866e+01	 1.377332e+01	 5.131477e+01	 1.023657e+02	-8.589546e+00	-6.546855e-01	-1.224322e+00	 5.180739e+00	 3.315992e+01	 1.093281e-03	-4.007537e-04	 2.367738e-03	 1.764988e-03	 1.095156e-02	 9.013961e-03	 4.375308e-04	-1.352198e-03	 2.090718e-03	 2.294605e-03	 9.849776e-02	-1.139349e-05	-1.082002e-01	-1.747548e-04	 2.116250e-11	 1.374560e-02	 1.733950e+00	-1.217582e-03	
-1.884096e-05	-3.670423e-05	-8.501391e-03	-2.369140e-03	-1.919563e-03	-7.097566e-04	-5.714148e+00	-2.818899e-03	 2.916051e-04	-9.479138e-02	 3.117749e-02	-2.465588e+00	 1.252164e+01	-4.558440e+00	-1.102329e+01	-8.589546e+00	 5.415244e+00	 1.231650e-01	-1.593344e-01	-1.892110e+00	-2.166678e+00	-1.249366e-04	-2.534730e-04	-8.407358e-04	-2.173770e-04	-6.600222e-04	-3.157616e-03	-6.301799e-05	 5.902654e-06	-1.003216e-04	-1.170815e-03	-6.767009e-02	-5.683783e-06	 2.916439e-02	 4.942345e-05	-4.962100e-12	-2.299131e-03	-8.914639e-01	 3.571337e-04	
 1.219984e-06	-5.014837e-05	-1.038288e-02	-4.501522e-04	 4.141638e-04	 4.701566e-06	 2.291672e+00	-2.619324e-04	-1.275649e-03	 1.523637e-01	-7.269621e-03	-1.972969e-01	-6.309650e+00	-4.650372e-01	-8.465899e-01	-6.546855e-01	 1.231650e-01	 3.351555e+00	 5.535036e-01	 1.576098e-01	 1.254889e-01	-2.074968e-04	-1.203240e-04	 3.638308e-04	-5.862442e-04	-1.311257e-04	 5.050004e-04	 1.725093e-04	-4.512253e-06	-1.243007e-06	-3.374320e-04	 1.516966e-04	 2.766648e-07	 1.206304e-02	 4.087763e-06	-9.404156e-13	-1.053689e-03	 2.897413e-01	 1.983685e-04	
-4.218347e-06	-5.937801e-05	-1.378616e-02	-1.143331e-03	-1.966070e-04	-1.277881e-04	-2.165064e+00	-1.788480e-04	-5.389134e-04	 5.026796e-01	 1.080451e-02	 1.415349e-01	 5.712254e+00	-1.269681e+00	-6.607892e-01	-1.224322e+00	-1.593344e-01	 5.535036e-01	 3.190629e+00	 2.712902e+00	 2.723226e+00	 1.842586e-04	-3.065470e-04	 1.029505e-04	 2.426382e-04	 3.882879e-05	-1.722063e-03	-1.849595e-04	-4.319169e-05	-7.765349e-05	-4.753962e-04	-1.191607e-02	-1.103375e-06	 1.996032e-02	 3.443125e-05	-2.400040e-12	-1.602844e-03	-3.250243e-01	 1.758971e-04	
-9.628324e-06	-3.539999e-05	 8.561684e-03	-1.714444e-03	-2.933773e-04	-5.015789e-04	-1.222815e+00	-2.355075e-03	-7.833188e-04	-5.778412e+00	 1.140591e-01	 2.544100e+00	-1.141310e+01	 3.417155e+00	 4.694811e+00	 5.180739e+00	-1.892110e+00	 1.576098e-01	 2.712902e+00	 1.074118e+01	 1.919782e+01	 3.096949e-04	 3.775500e-04	-7.464030e-04	 3.259546e-04	-2.184070e-04	 5.953206e-03	-2.721115e-05	 4.088064e-04	-6.533550e-05	-5.002413e-04	-4.776218e-02	-3.774519e-06	 1.980793e-02	 6.718842e-05	-3.603819e-12	-1.590317e-03	-2.181875e-01	 2.638357e-04	
 4.472161e-06	-1.799783e-05	 1.969003e-02	 1.829538e-03	 1.194482e-03	-1.161236e-04	 5.259989e+00	-1.513819e-03	-1.549801e-03	-3.322215e+01	 1.498715e-01	 3.171928e+00	-2.318454e+01	 3.969718e+00	 7.757943e+00	 3.315992e+01	-2.166678e+00	 1.254889e-01	 2.723226e+00	 1.919782e+01	 5.353980e+01	 5.154065e-04	 5.715816e-04	 4.121452e-04	 1.073021e-03	-6.642370e-04	 1.022882e-02	 6.368930e-05	 9.408937e-04	 1.093474e-03	 1.950504e-04	-1.106896e-02	 9.353402e-07	 3.341073e-04	-1.053518e-05	 3.810690e-12	 8.363932e-04	 7.413984e-01	 7.962391e-05	
-7.339588e-08	 4.826244e-07	-8.280930e-05	-4.165313e-06	-9.392606e-07	-3.020059e-06	 8.082435e-03	-2.192779e-05	-4.745044e-06	-1.856097e-04	 2.318997e-05	-3.651062e-05	 2.826849e-03	 1.083941e-03	 1.639289e-03	 1.093281e-03	-1.249366e-04	-2.074968e-04	 1.842586e-04	 3.096949e-04	 5.154065e-04	 1.455511e-03	 2.731371e-04	 8.496443e-05	-3.566471e-04	-1.037772e-04	-6.356768e-05	 5.845061e-08	-4.864887e-08	 5.343673e-07	-8.929432e-06	-2.778647e-04	-2.958671e-08	-4.738084e-05	-2.028686e-07	-8.790683e-15	-4.695685e-08	 5.926609e-04	 4.009237e-06	
-6.135135e-08	-5.530479e-10	 5.606624e-05	-5.068978e-06	 6.980772e-07	-2.224995e-06	-1.213790e-02	-9.970839e-06	 1.133405e-06	 3.433476e-04	 7.643219e-06	 2.829341e-04	-4.720858e-03	 1.106617e-03	 1.350122e-03	-4.007537e-04	-2.534730e-04	-1.203240e-04	-3.065470e-04	 3.775500e-04	 5.715816e-04	 2.731371e-04	 8.752743e-04	 2.273844e-05	 7.470309e-04	 6.319966e-05	-7.178845e-04	-1.157946e-07	 1.564319e-08	-8.083083e-08	-1.113776e-06	-2.088841e-04	-2.778608e-08	 6.953169e-05	-1.761607e-08	-1.067798e-14	-1.953274e-07	-1.594914e-03	 2.597700e-07	
-9.219239e-08	 7.407548e-07	-4.205131e-04	 4.011463e-06	-6.221196e-07	 1.899710e-06	 9.454669e-02	 4.879435e-05	-1.748478e-05	-7.303015e-04	 6.705357e-05	 7.401577e-05	 3.446434e-03	 1.397886e-03	 4.928390e-03	 2.367738e-03	-8.407358e-04	 3.638308e-04	 1.029505e-04	-7.464030e-04	 4.121452e-04	 8.496443e-05	 2.273844e-05	 7.245314e-03	-3.106622e-04	 5.934658e-04	 4.512864e-03	 2.611290e-08	-1.241137e-07	-6.824509e-07	-2.418422e-07	 2.122571e-04	-6.009562e-08	-8.048866e-05	 3.216311e-07	 8.531571e-15	 3.392059e-06	 1.295960e-02	 1.470081e-06	
-2.759675e-07	 1.123326e-06	 2.389218e-04	-1.130297e-05	-2.722571e-06	-6.368590e-06	-1.558001e-02	-2.965307e-05	 1.746519e-05	 3.620339e-05	 2.007515e-05	 1.952669e-04	 6.889438e-03	 2.680710e-03	 3.152617e-03	 1.764988e-03	-2.173770e-04	-5.862442e-04	 2.426382e-04	 3.259546e-04	 1.073021e-03	-3.566471e-04	 7.470309e-04	-3.106622e-04	 2.919423e-03	 5.440597e-04	-9.809385e-04	 8.818204e-08	 7.027819e-08	-2.026516e-07	-2.813707e-06	-5.892096e-04	-1.105278e-07	 5.801946e-06	-2.701422e-07	-2.360212e-14	 1.612971e-05	-2.339304e-03	-5.325768e-07	
-4.812025e-07	 2.644761e-06	-1.444967e-04	-1.428918e-05	-5.162934e-06	-8.343750e-06	 1.365130e-02	-1.192834e-05	 2.977401e-05	-3.438016e-03	-7.306480e-05	 1.186142e-04	 4.254854e-04	 4.540218e-03	 4.307806e-03	 1.095156e-02	-6.600222e-04	-1.311257e-04	 3.882879e-05	-2.184070e-04	-6.642370e-04	-1.037772e-04	 6.319966e-05	 5.934658e-04	 5.440597e-04	 6.409807e-03	 7.860561e-03	-1.223784e-07	-2.753929e-07	-1.095406e-06	-7.696803e-06	-7.173732e-04	-1.924933e-07	-1.724974e-04	-1.983341e-07	-3.005020e-14	 3.024392e-05	 8.806210e-04	 1.951865e-07	
-1.985574e-06	 1.307457e-05	 5.168460e-04	-4.538471e-06	-2.626618e-05	-1.728447e-05	 2.059130e-01	-1.204390e-04	 1.076417e-04	 1.658756e-03	 1.350967e-04	-2.288357e-03	 2.733762e-03	 2.589892e-02	 9.801385e-03	 9.013961e-03	-3.157616e-03	 5.050004e-04	-1.722063e-03	 5.953206e-03	 1.022882e-02	-6.356768e-05	-7.178845e-04	 4.512864e-03	-9.809385e-04	 7.860561e-03	 7.223775e-02	-2.602606e-07	-3.295896e-08	 3.488845e-06	-2.683905e-05	-1.159371e-03	-8.581001e-07	-1.246680e-03	-2.231616e-06	-1.069203e-14	 1.797359e-04	 2.532884e-02	 3.299870e-06	
 2.567701e-09	 7.038130e-09	 1.676827e-07	 9.859972e-08	-1.074600e-07	-2.790174e-08	 1.174679e-04	 3.159348e-07	 1.124513e-07	-2.001172e-04	 4.610204e-06	 1.017173e-04	 3.825981e-03	 8.509864e-05	 4.141109e-04	 4.375308e-04	-6.301799e-05	 1.725093e-04	-1.849595e-04	-2.721115e-05	 6.368930e-05	 5.845061e-08	-1.157946e-07	 2.611290e-08	 8.818204e-08	-1.223784e-07	-2.602606e-07	 3.762649e-07	-3.780783e-11	-9.262833e-09	 1.267989e-07	-3.317616e-06	 1.008834e-09	-4.666654e-06	 3.702740e-09	 2.071829e-16	 7.026543e-08	 1.451136e-05	-3.477379e-08	
-4.498265e-10	 2.859669e-09	 1.085678e-06	-1.824191e-07	-7.697128e-08	-9.880202e-08	 1.433282e-04	-1.473032e-07	 1.076952e-07	 7.103605e-04	-2.252193e-06	-4.263621e-05	 6.092054e-04	 1.181123e-04	-4.004638e-04	-1.352198e-03	 5.902654e-06	-4.512253e-06	-4.319169e-05	 4.088064e-04	 9.408937e-04	-4.864887e-08	 1.564319e-08	-1.241137e-07	 7.027819e-08	-2.753929e-07	-3.295896e-08	-3.780783e-11	 3.885266e-07	 6.526072e-09	 1.283515e-08	-9.943910e-06	-7.211401e-11	-3.465799e-07	-9.448512e-10	-3.818561e-16	-4.111957e-08	 9.117022e-06	-1.002133e-08	
-2.948697e-09	-1.667182e-07	-1.790721e-05	 1.313881e-05	 4.717158e-07	-4.772594e-07	-3.414852e-03	 1.485897e-06	 3.575716e-06	 3.093899e-04	 9.809999e-06	-2.985023e-05	 3.272448e-03	 5.149908e-04	 5.955372e-04	 2.090718e-03	-1.003216e-04	-1.243007e-06	-7.765349e-05	-6.533550e-05	 1.093474e-03	 5.343673e-07	-8.083083e-08	-6.824509e-07	-2.026516e-07	-1.095406e-06	 3.488845e-06	-9.262833e-09	 6.526072e-09	 7.227262e-06	 9.689567e-07	-4.833153e-05	 4.847832e-09	 4.343884e-05	-1.757646e-07	 2.748518e-14	 5.986021e-06	-4.765396e-04	-1.064586e-06	
 3.711113e-07	-3.221249e-06	 1.124981e-02	-1.570902e-05	 8.766532e-06	-6.381126e-06	 1.704721e-01	 5.705570e-04	 4.085419e-04	-1.837646e-03	 5.821438e-05	 3.992356e-04	-6.233459e-03	-2.544719e-03	 9.964059e-04	 2.294605e-03	-1.170815e-03	-3.374320e-04	-4.753962e-04	-5.002413e-04	 1.950504e-04	-8.929432e-06	-1.113776e-06	-2.418422e-07	-2.813707e-06	-7.696803e-06	-2.683905e-05	 1.267989e-07	 1.283515e-08	 9.689567e-07	 4.956676e-04	-1.056219e-03	 1.206618e-07	 4.609027e-04	 1.369512e-06	-3.334232e-14	 2.730437e-04	 4.536831e-02	-2.169636e-04	
 1.742509e-05	-2.116790e-04	-4.654681e-02	 1.314798e-02	 7.174166e-04	 6.876515e-03	-3.786353e+00	 1.041849e-03	-2.669837e-03	-1.934969e-01	 5.059228e-03	 2.375366e-02	-9.170847e-01	-3.554294e-01	-3.599318e-02	 9.849776e-02	-6.767009e-02	 1.516966e-04	-1.191607e-02	-4.776218e-02	-1.106896e-02	-2.778647e-04	-2.088841e-04	 2.122571e-04	-5.892096e-04	-7.173732e-04	-1.159371e-03	-3.317616e-06	-9.943910e-06	-4.833153e-05	-1.056219e-03	 6.950421e-01	 7.721892e-06	 3.704818e-02	 2.720403e-05	 2.751359e-11	 2.548691e-03	-5.351260e-01	 4.800107e-04	
 8.068798e-09	-3.675740e-08	 9.470365e-07	 1.413370e-07	 8.531173e-08	 9.555402e-08	-2.925340e-03	 2.164942e-07	 5.484116e-07	-1.979939e-05	 5.274297e-07	 3.827426e-06	-8.406654e-05	-6.742225e-05	-2.887621e-05	-1.139349e-05	-5.683783e-06	 2.766648e-07	-1.103375e-06	-3.774519e-06	 9.353402e-07	-2.958671e-08	-2.778608e-08	-6.009562e-08	-1.105278e-07	-1.924933e-07	-8.581001e-07	 1.008834e-09	-7.211401e-11	 4.847832e-09	 1.206618e-07	 7.721892e-06	 4.639078e-09	 1.130833e-09	 3.976141e-09	 2.965313e-16	-2.886465e-07	-4.191504e-04	-9.628557e-08	
 9.537888e-07	-3.454615e-04	 8.711477e-03	-5.503586e-05	 7.759949e-04	 4.055159e-04	 1.491557e+00	 6.275080e-04	-3.078334e-03	 6.729642e-02	-1.599706e-03	-4.237416e-03	 1.459730e-01	 3.063903e-03	-7.350951e-02	-1.082002e-01	 2.916439e-02	 1.206304e-02	 1.996032e-02	 1.980793e-02	 3.341073e-04	-4.738084e-05	 6.953169e-05	-8.048866e-05	 5.801946e-06	-1.724974e-04	-1.246680e-03	-4.666654e-06	-3.465799e-07	 4.343884e-05	 4.609027e-04	 3.704818e-02	 1.130833e-09	 9.063303e-02	 8.705406e-06	-1.111581e-13	-3.560128e-03	 2.744620e-01	-2.081321e-04	
 1.433513e-08	-8.808854e-08	 2.043900e-05	 3.116361e-07	 3.094013e-07	 2.818726e-07	 1.538692e-03	 2.970406e-06	-3.594135e-06	 1.874399e-04	-3.135374e-06	-1.595421e-05	 7.961833e-04	 3.989683e-04	 1.095092e-04	-1.747548e-04	 4.942345e-05	 4.087763e-06	 3.443125e-05	 6.718842e-05	-1.053518e-05	-2.028686e-07	-1.761607e-08	 3.216311e-07	-2.701422e-07	-1.983341e-07	-2.231616e-06	 3.702740e-09	-9.448512e-10	-1.757646e-07	 1.369512e-06	 2.720403e-05	 3.976141e-09	 8.705406e-06	 3.402323e-07	 6.292781e-16	-2.578591e-06	 3.292046e-04	 9.220143e-08	
 6.565879e-16	-2.288761e-15	-1.863407e-12	 6.028740e-13	 1.228736e-14	 2.721270e-13	-1.421684e-10	 6.212062e-14	-3.892933e-14	-1.050036e-11	 3.609908e-13	 6.937034e-13	-3.176564e-11	-1.018144e-11	 6.548428e-12	 2.116250e-11	-4.962100e-12	-9.404156e-13	-2.400040e-12	-3.603819e-12	 3.810690e-12	-8.790683e-15	-1.067798e-14	 8.531571e-15	-2.360212e-14	-3.005020e-14	-1.069203e-14	 2.071829e-16	-3.818561e-16	 2.748518e-14	-3.334232e-14	 2.751359e-11	 2.965313e-16	-1.111581e-13	 6.292781e-16	 1.262310e-21	 2.095575e-13	-2.021514e-11	 1.461702e-14	
-1.087827e-06	 1.761625e-05	 1.174772e-02	 1.003388e-04	-3.772793e-05	 2.285940e-05	-8.474510e-01	-1.044414e-04	 7.007010e-04	-3.689880e-03	 1.107980e-04	 1.132706e-04	-1.021207e-02	 5.418388e-03	 9.849550e-03	 1.374560e-02	-2.299131e-03	-1.053689e-03	-1.602844e-03	-1.590317e-03	 8.363932e-04	-4.695685e-08	-1.953274e-07	 3.392059e-06	 1.612971e-05	 3.024392e-05	 1.797359e-04	 7.026543e-08	-4.111957e-08	 5.986021e-06	 2.730437e-04	 2.548691e-03	-2.886465e-07	-3.560128e-03	-2.578591e-06	 2.095575e-13	 5.630239e-04	-1.096371e-01	-1.504626e-04	
-2.606130e-05	 4.207497e-05	-3.034453e-01	-9.640991e-03	 3.041094e-03	-4.889331e-03	 2.255146e+03	 1.745022e-01	-4.952282e-01	-2.082348e+00	 1.894744e-02	 2.242248e-01	-5.035255e+00	-3.041363e+00	-6.205152e-01	 1.733950e+00	-8.914639e-01	 2.897413e-01	-3.250243e-01	-2.181875e-01	 7.413984e-01	 5.926609e-04	-1.594914e-03	 1.295960e-02	-2.339304e-03	 8.806210e-04	 2.532884e-02	 1.451136e-05	 9.117022e-06	-4.765396e-04	 4.536831e-02	-5.351260e-01	-4.191504e-04	 2.744620e-01	 3.292046e-04	-2.021514e-11	-1.096371e-01	 3.075175e+02	 2.848014e-02	
-4.964856e-08	 1.178642e-06	-3.927996e-03	 6.884941e-06	-2.474845e-06	 3.136936e-06	 2.836860e-01	-3.766920e-04	-3.025453e-04	 4.395549e-04	-1.992383e-05	-1.034134e-04	 1.722541e-03	 3.839763e-04	-6.962315e-04	-1.217582e-03	 3.571337e-04	 1.983685e-04	 1.758971e-04	 2.638357e-04	 7.962391e-05	 4.009237e-06	 2.597700e-07	 1.470081e-06	-5.325768e-07	 1.951865e-07	 3.299870e-06	-3.477379e-08	-1.002133e-08	-1.064586e-06	-2.169636e-04	 4.800107e-04	-9.628557e-08	-2.081321e-04	 9.220143e-08	 1.461702e-14	-1.504626e-04	 2.848014e-02	 1.131444e-04	
