#          omega_b,        omega_cdm,               H0,     ln10^{10}A_s,              n_s,         tau_reio, scf_parameters__2, scf_parameters__3, scf_parameters__6,        A_cib_217,        xi_sz_cib,             A_sz,     ps_A_100_100,     ps_A_143_143,     ps_A_143_217,     ps_A_217_217,         ksz_norm,     gal545_A_100,     gal545_A_143, gal545_A_143_217,     gal545_A_217,    galf_TE_A_100, galf_TE_A_100_143, galf_TE_A_100_217,    galf_TE_A_143, galf_TE_A_143_217,    galf_TE_A_217,       calib_100T,       calib_217T,         A_planck,                M,           z_reio,              YHe,             rs_d,      100*theta_s,              A_s,           sigma8,          z_trans,        Omega_m_0
 1.809082e-08	-9.126921e-08	-1.162256e-05	 2.653532e-07	 2.341577e-07	 1.948401e-07	 3.763528e-04	 1.530215e-06	-6.424571e-07	-5.769981e-05	 1.304492e-06	 1.447199e-05	-2.922964e-04	-1.828020e-04	-6.507273e-05	-1.375643e-05	-2.316535e-05	 2.932059e-07	-5.957045e-06	-9.816090e-06	 3.450588e-06	-2.992786e-08	-4.830296e-08	-6.418294e-08	-2.396437e-07	-4.497350e-07	-1.909152e-06	 2.080077e-09	-1.163336e-09	 1.300210e-08	 7.060960e-07	 1.474557e-05	 7.640911e-09	 4.075181e-06	 8.605816e-09	 5.570140e-16	-1.039870e-06	 9.598212e-05	-2.166907e-07	
-9.126921e-08	 1.688720e-06	 2.941605e-04	-1.418147e-06	-3.773574e-06	-2.664915e-06	-1.252243e-02	-2.235904e-05	 1.463725e-05	-5.766027e-05	 1.794542e-06	-4.384318e-05	 4.825508e-04	 8.101490e-04	 6.553532e-04	 6.541335e-04	-2.522265e-05	-3.307001e-05	-4.687897e-05	-2.768010e-05	 2.675238e-05	 1.793147e-07	 1.621378e-07	 1.351590e-07	 1.477223e-06	 2.307420e-06	 1.286489e-05	-1.637882e-09	 1.847117e-09	-9.306509e-08	-6.818224e-06	-2.297660e-04	-3.328827e-08	-3.487240e-04	-9.763425e-08	-2.985060e-15	 1.871404e-05	-2.518305e-03	 2.603305e-06	
-1.162256e-05	 2.941605e-04	 1.734165e+01	 8.712970e-04	-1.340269e-03	 5.229568e-04	-3.098936e+01	-8.367216e-01	-5.784650e-02	 4.416444e-01	-1.132719e-02	-3.268058e-02	 1.779480e+00	 6.038262e-01	-8.330181e-03	-4.783841e-01	 1.836485e-01	 1.535478e-02	 7.187653e-02	 9.720455e-02	-1.033106e-01	 6.415061e-04	 1.073455e-04	 4.419690e-04	 6.870707e-05	 6.085651e-04	 3.185213e-03	 6.522825e-08	 1.692558e-05	-4.293593e-04	-1.494116e-02	 1.041207e-01	 6.645788e-06	-7.204369e-02	-1.456118e-05	 1.803201e-12	 1.237157e-01	-1.669118e+01	 2.854781e-02	
 2.653532e-07	-1.418147e-06	 8.712970e-04	 2.722569e-04	 6.503125e-06	 1.251873e-04	-3.039558e-02	-8.854150e-05	-8.152011e-05	-4.317380e-03	 1.312913e-04	 5.171987e-04	-1.346068e-02	-4.687515e-03	 2.582395e-03	 8.894943e-03	-2.331377e-03	-5.496860e-04	-1.235513e-03	-1.356946e-03	 1.579254e-03	 6.920280e-07	-1.890685e-06	-1.769920e-06	-5.461866e-06	-5.515467e-06	-3.797100e-06	 1.364066e-07	-1.213359e-07	 1.098709e-05	-5.946995e-05	 1.267148e-02	 1.324916e-07	 7.795613e-05	 1.546859e-07	 5.709110e-13	 7.631916e-05	-9.021465e-03	 3.167063e-05	
 2.341577e-07	-3.773574e-06	-1.340269e-03	 6.503125e-06	 1.748314e-05	 8.262151e-06	 2.869245e-02	 9.167791e-05	-1.585800e-05	-3.768415e-03	 8.891203e-05	 7.998896e-04	-2.087145e-02	-6.605061e-03	 5.503739e-04	 3.307757e-03	-1.810056e-03	 3.554240e-04	-2.471582e-04	-3.066434e-04	 9.957083e-04	-4.972139e-07	-9.016704e-08	-6.143907e-08	-3.483447e-06	-5.614746e-06	-3.134596e-05	-7.431102e-08	-5.855423e-08	 2.943432e-07	 2.694429e-05	 7.310460e-04	 9.601225e-08	 7.403109e-04	 3.200200e-07	 1.368009e-14	-3.786210e-05	 6.509491e-03	-1.241015e-05	
 1.948401e-07	-2.664915e-06	 5.229568e-04	 1.251873e-04	 8.262151e-06	 6.635862e-05	-1.258756e-03	-3.501171e-05	-5.345401e-05	-1.816942e-03	 3.876546e-05	 3.363584e-04	-8.597397e-03	-3.887651e-03	-7.780900e-04	 6.933942e-04	-7.639136e-04	-7.848948e-05	-2.440544e-04	-3.472136e-04	 7.263387e-06	-1.340821e-07	-8.368664e-07	 1.671939e-07	-4.018640e-06	-5.439751e-06	-2.347031e-05	-6.087887e-10	-5.307065e-08	-5.172045e-07	-1.892149e-05	 6.678789e-03	 8.581367e-08	 4.916901e-04	 1.564068e-07	 2.625214e-13	 1.734589e-05	-1.896332e-03	 1.141324e-05	
 3.763528e-04	-1.252243e-02	-3.098936e+01	-3.039558e-02	 2.869245e-02	-1.258756e-03	 1.688433e+04	 1.726610e+00	-3.326083e+00	-5.817648e+00	 8.726116e-02	 1.622526e+00	-4.080273e+01	-1.650434e+01	-6.336317e+00	-1.670310e+00	-2.823322e+00	 9.856578e-01	 1.251884e-01	-3.647245e-01	 6.071246e-01	-3.362303e-03	 3.303471e-04	-5.618385e-03	 3.644723e-03	 6.749960e-03	-9.014589e-02	-1.065234e-05	-7.111303e-05	-4.694525e-03	 4.012514e-01	-7.468740e-01	-2.855406e-03	 4.795436e+00	 2.916107e-03	-6.395395e-11	-1.026792e+00	 2.384497e+03	 1.851858e-01	
 1.530215e-06	-2.235904e-05	-8.367216e-01	-8.854150e-05	 9.167791e-05	-3.501171e-05	 1.726610e+00	 4.481247e-02	 4.306614e-03	-2.924733e-02	 7.311619e-04	 3.058649e-03	-1.175257e-01	-4.445926e-02	-1.251361e-03	 2.642729e-02	-1.257870e-02	-1.027999e-03	-4.282013e-03	-6.286186e-03	 4.375114e-03	-2.751396e-05	-3.290165e-06	-2.796657e-05	-1.059505e-05	-5.408645e-05	-2.739804e-04	 1.450896e-07	-1.075016e-06	 1.581451e-05	 1.953385e-03	-7.204192e-03	 2.773770e-08	 4.594034e-03	 1.884567e-06	-1.844069e-13	-5.413773e-03	 9.110709e-01	-2.040800e-03	
-6.424571e-07	 1.463725e-05	-5.784650e-02	-8.152011e-05	-1.585800e-05	-5.345401e-05	-3.326083e+00	 4.306614e-03	 3.088424e-03	-1.109664e-02	 2.693661e-04	 1.048201e-03	-4.050752e-02	-4.931658e-03	 1.013433e-02	 1.771113e-02	-5.015248e-03	-7.742604e-04	-2.197334e-03	-2.523308e-03	 7.239172e-04	-1.215015e-06	 1.950825e-06	 5.687274e-07	 1.038431e-05	 2.270271e-05	 1.035978e-04	-6.827315e-08	-2.697683e-07	-2.508542e-06	 1.468164e-03	-6.269162e-03	 6.530690e-07	-3.747892e-03	-1.979116e-06	-1.708726e-13	 6.745640e-04	-3.649236e-01	-9.391737e-04	
-5.769981e-05	-5.766027e-05	 4.416444e-01	-4.317380e-03	-3.768415e-03	-1.816942e-03	-5.817648e+00	-2.924733e-02	-1.109664e-02	 4.415119e+01	-3.865911e-01	-7.912072e-01	 3.498446e+01	 1.490258e+00	-1.296639e+01	-5.469318e+01	-1.397732e-01	 1.679416e-01	 5.497135e-01	-5.824530e+00	-3.320772e+01	 6.925529e-04	 1.015451e-03	 1.960933e-03	-2.271746e-04	-2.351506e-03	 3.654324e-03	-1.995852e-04	 7.102433e-04	 5.386243e-04	-9.455566e-03	-1.646837e-01	-2.460562e-05	 7.942002e-02	 3.096078e-05	-9.061357e-12	-3.698910e-03	-1.583633e+00	 4.877370e-03	
 1.304492e-06	 1.794542e-06	-1.132719e-02	 1.312913e-04	 8.891203e-05	 3.876546e-05	 8.726116e-02	 7.311619e-04	 2.693661e-04	-3.865911e-01	 8.059631e-02	-3.705137e-02	-6.186567e-01	 9.182161e-01	 1.706369e+00	 6.432662e-01	 3.698005e-02	-5.422214e-03	 1.041448e-02	 1.118658e-01	 1.438057e-01	-2.192213e-05	-2.239245e-05	 7.335324e-05	 3.298684e-06	 6.133425e-05	 1.760951e-04	 4.537736e-06	-1.938321e-06	 2.197057e-06	 2.068944e-04	 3.505892e-03	 5.939571e-07	-1.943843e-03	-3.310396e-07	 2.756571e-13	 9.475367e-05	 2.787301e-02	-1.097147e-04	
 1.447199e-05	-4.384318e-05	-3.268058e-02	 5.171987e-04	 7.998896e-04	 3.363584e-04	 1.622526e+00	 3.058649e-03	 1.048201e-03	-7.912072e-01	-3.705137e-02	 3.733727e+00	-2.944139e+01	-3.310260e+00	 7.291046e+00	 4.923793e+00	-2.495296e+00	-1.937556e-01	 1.493121e-01	 2.573737e+00	 3.179395e+00	 3.540370e-05	-6.443224e-05	 2.360407e-04	-2.260705e-04	-2.800667e-04	-3.131240e-03	 1.094693e-04	-3.773765e-05	-7.979213e-06	 1.690841e-03	 2.912683e-02	 5.795791e-06	-4.322877e-03	-3.991516e-06	 1.087926e-12	 2.038269e-04	 3.375870e-01	-7.537271e-04	
-2.922964e-04	 4.825508e-04	 1.779480e+00	-1.346068e-02	-2.087145e-02	-8.597397e-03	-4.080273e+01	-1.175257e-01	-4.050752e-02	 3.498446e+01	-6.186567e-01	-2.944139e+01	 7.706434e+02	 6.720690e+01	-5.366277e+01	-5.805392e+01	 1.252312e+01	-6.387726e+00	 5.649482e+00	-1.188829e+01	-2.339219e+01	 1.338235e-03	-1.902814e-03	 1.063475e-04	 8.147562e-03	 2.074193e-03	 1.829969e-02	 3.693440e-03	 4.893148e-04	 3.429627e-03	-4.471192e-02	-7.682120e-01	-1.225089e-04	 1.964669e-01	 9.368190e-05	-2.826055e-11	-8.131730e-03	-8.987119e+00	 2.200957e-02	
-1.828020e-04	 8.101490e-04	 6.038262e-01	-4.687515e-03	-6.605061e-03	-3.887651e-03	-1.650434e+01	-4.445926e-02	-4.931658e-03	 1.490258e+00	 9.182161e-01	-3.310260e+00	 6.720690e+01	 6.011364e+01	 3.931648e+01	 1.467531e+01	-4.643841e+00	-4.164525e-01	-1.334645e+00	 3.249098e+00	 3.995319e+00	 2.490964e-04	 1.599571e-04	 1.028891e-03	 2.413503e-03	 6.356653e-03	 3.499314e-02	 8.084797e-05	 9.490508e-05	 5.705423e-04	-1.576968e-02	-3.357206e-01	-7.625919e-05	-1.221128e-02	 1.251313e-05	-9.846744e-12	 6.296904e-03	-3.489958e+00	 7.069471e-03	
-6.507273e-05	 6.553532e-04	-8.330181e-03	 2.582395e-03	 5.503739e-04	-7.780900e-04	-6.336317e+00	-1.251361e-03	 1.013433e-02	-1.296639e+01	 1.706369e+00	 7.291046e+00	-5.366277e+01	 3.931648e+01	 8.378575e+01	 5.160564e+01	-1.103358e+01	-8.111270e-01	-7.145561e-01	 4.632690e+00	 7.679750e+00	-1.264887e-04	-6.687331e-04	 3.454231e-03	 2.101835e-03	 5.438322e-03	 1.169276e-02	 4.318573e-04	-3.834845e-04	 4.684807e-04	-1.857356e-04	-5.951871e-02	-2.542048e-05	-1.026327e-01	-2.282265e-05	 5.416043e-12	 1.027835e-02	-9.324050e-01	-6.106363e-04	
-1.375643e-05	 6.541335e-04	-4.783841e-01	 8.894943e-03	 3.307757e-03	 6.933942e-04	-1.670310e+00	 2.642729e-02	 1.771113e-02	-5.469318e+01	 6.432662e-01	 4.923793e+00	-5.805392e+01	 1.467531e+01	 5.160564e+01	 1.022769e+02	-8.587462e+00	-6.558525e-01	-1.290303e+00	 5.184248e+00	 3.298945e+01	-2.622750e-04	-1.437468e-03	-1.356504e-03	 2.273607e-03	 8.107985e-03	 7.402635e-03	 4.504791e-04	-1.341684e-03	 1.427681e-03	 6.452839e-03	 7.240345e-02	-2.762147e-06	-1.597979e-01	-5.486069e-05	 1.865890e-11	 1.242012e-02	 3.906360e-01	-4.177057e-03	
-2.316535e-05	-2.522265e-05	 1.836485e-01	-2.331377e-03	-1.810056e-03	-7.639136e-04	-2.823322e+00	-1.257870e-02	-5.015248e-03	-1.397732e-01	 3.698005e-02	-2.495296e+00	 1.252312e+01	-4.643841e+00	-1.103358e+01	-8.587462e+00	 5.407644e+00	 1.088549e-01	-1.674657e-01	-1.915676e+00	-2.128964e+00	-5.164883e-05	 8.144422e-05	-2.134564e-04	 2.177344e-04	 2.103791e-05	-3.074010e-04	-7.340640e-05	 6.936305e-06	-2.013689e-05	-4.169387e-03	-6.909148e-02	-9.958750e-06	 3.253345e-02	 1.547941e-05	-4.892917e-12	-2.016396e-03	-7.230351e-01	 2.152817e-03	
 2.932059e-07	-3.307001e-05	 1.535478e-02	-5.496860e-04	 3.554240e-04	-7.848948e-05	 9.856578e-01	-1.027999e-03	-7.742604e-04	 1.679416e-01	-5.422214e-03	-1.937556e-01	-6.387726e+00	-4.164525e-01	-8.111270e-01	-6.558525e-01	 1.088549e-01	 3.342314e+00	 5.602462e-01	 1.837359e-01	 1.438358e-01	-3.062346e-04	 2.661349e-04	 4.072949e-04	-6.424264e-04	-5.063321e-04	-1.272894e-03	 1.742287e-04	-4.465573e-06	 2.059298e-07	-1.076003e-04	-8.167212e-03	 4.288080e-08	 8.472466e-03	 2.849648e-06	-1.154188e-12	-5.061388e-04	 1.224839e-01	 1.103261e-04	
-5.957045e-06	-4.687897e-05	 7.187653e-02	-1.235513e-03	-2.471582e-04	-2.440544e-04	 1.251884e-01	-4.282013e-03	-2.197334e-03	 5.497135e-01	 1.041448e-02	 1.493121e-01	 5.649482e+00	-1.334645e+00	-7.145561e-01	-1.290303e+00	-1.674657e-01	 5.602462e-01	 3.180634e+00	 2.719153e+00	 2.726752e+00	 6.484686e-05	-3.318623e-04	-1.378104e-04	-1.385711e-04	-2.447588e-04	-1.125273e-03	-1.799340e-04	-4.076407e-05	-2.451992e-05	-1.269292e-03	-2.283847e-02	-2.807344e-06	 1.915259e-02	 6.885058e-06	-2.591598e-12	-1.134106e-03	-9.129040e-02	 7.063206e-04	
-9.816090e-06	-2.768010e-05	 9.720455e-02	-1.356946e-03	-3.066434e-04	-3.472136e-04	-3.647245e-01	-6.286186e-03	-2.523308e-03	-5.824530e+00	 1.118658e-01	 2.573737e+00	-1.188829e+01	 3.249098e+00	 4.632690e+00	 5.184248e+00	-1.915676e+00	 1.837359e-01	 2.719153e+00	 1.076951e+01	 1.926300e+01	-3.703255e-05	-2.844214e-04	-9.337564e-04	-3.206168e-04	-2.636124e-04	 4.747985e-03	-1.974032e-05	 4.026157e-04	-1.454362e-05	-1.740535e-03	-3.230274e-02	-4.679949e-06	 1.843878e-02	 4.910707e-06	-2.842275e-12	-9.345771e-04	-1.942234e-01	 9.484093e-04	
 3.450588e-06	 2.675238e-05	-1.033106e-01	 1.579254e-03	 9.957083e-04	 7.263387e-06	 6.071246e-01	 4.375114e-03	 7.239172e-04	-3.320772e+01	 1.438057e-01	 3.179395e+00	-2.339219e+01	 3.995319e+00	 7.679750e+00	 3.298945e+01	-2.128964e+00	 1.438358e-01	 2.726752e+00	 1.926300e+01	 5.361239e+01	-7.117177e-04	-7.180395e-04	-2.075672e-03	 2.532346e-04	-2.333600e-04	 7.418495e-03	 7.050258e-05	 9.185198e-04	 8.243792e-04	 3.438393e-04	-1.114668e-03	 1.358554e-06	-1.104048e-02	-8.489723e-06	 3.320348e-12	 5.693355e-04	 1.999897e-01	-2.706480e-04	
-2.992786e-08	 1.793147e-07	 6.415061e-04	 6.920280e-07	-4.972139e-07	-1.340821e-07	-3.362303e-03	-2.751396e-05	-1.215015e-06	 6.925529e-04	-2.192213e-05	 3.540370e-05	 1.338235e-03	 2.490964e-04	-1.264887e-04	-2.622750e-04	-5.164883e-05	-3.062346e-04	 6.484686e-05	-3.703255e-05	-7.117177e-04	 1.442715e-03	 2.686693e-04	 9.607732e-05	-3.710033e-04	-1.025904e-04	-1.073776e-04	 5.926607e-08	-5.495865e-08	 3.242154e-07	-1.586818e-06	 9.473470e-07	-1.717008e-08	-1.245345e-05	-4.126955e-08	 1.400051e-15	 7.019735e-06	-7.836289e-04	 1.406045e-06	
-4.830296e-08	 1.621378e-07	 1.073455e-04	-1.890685e-06	-9.016704e-08	-8.368664e-07	 3.303471e-04	-3.290165e-06	 1.950825e-06	 1.015451e-03	-2.239245e-05	-6.443224e-05	-1.902814e-03	 1.599571e-04	-6.687331e-04	-1.437468e-03	 8.144422e-05	 2.661349e-04	-3.318623e-04	-2.844214e-04	-7.180395e-04	 2.686693e-04	 8.706350e-04	 3.202666e-05	 7.387096e-04	 4.680314e-05	-7.187130e-04	-4.381011e-08	 5.192966e-08	-1.414287e-07	 5.326928e-08	-7.150776e-05	-2.346908e-08	 1.203451e-05	 1.110832e-08	-3.960879e-15	 3.035845e-06	-5.151611e-05	-2.090235e-07	
-6.418294e-08	 1.351590e-07	 4.419690e-04	-1.769920e-06	-6.143907e-08	 1.671939e-07	-5.618385e-03	-2.796657e-05	 5.687274e-07	 1.960933e-03	 7.335324e-05	 2.360407e-04	 1.063475e-04	 1.028891e-03	 3.454231e-03	-1.356504e-03	-2.134564e-04	 4.072949e-04	-1.378104e-04	-9.337564e-04	-2.075672e-03	 9.607732e-05	 3.202666e-05	 7.233931e-03	-3.064280e-04	 6.418197e-04	 4.493325e-03	 3.983827e-08	 1.367941e-07	-8.916113e-07	-2.698980e-06	 2.949910e-05	-2.679426e-08	 3.498926e-05	-8.492667e-08	-3.660677e-15	 4.794829e-06	-1.238363e-03	 1.160948e-06	
-2.396437e-07	 1.477223e-06	 6.870707e-05	-5.461866e-06	-3.483447e-06	-4.018640e-06	 3.644723e-03	-1.059505e-05	 1.038431e-05	-2.271746e-04	 3.298684e-06	-2.260705e-04	 8.147562e-03	 2.413503e-03	 2.101835e-03	 2.273607e-03	 2.177344e-04	-6.424264e-04	-1.385711e-04	-3.206168e-04	 2.532346e-04	-3.710033e-04	 7.387096e-04	-3.064280e-04	 2.906897e-03	 5.273710e-04	-9.597853e-04	 9.395629e-08	 1.039817e-07	-1.903891e-07	-8.472549e-06	-3.361578e-04	-9.953545e-08	-1.254989e-04	-4.319498e-08	-1.147846e-14	 1.499845e-05	-1.392398e-04	 2.332485e-06	
-4.497350e-07	 2.307420e-06	 6.085651e-04	-5.515467e-06	-5.614746e-06	-5.439751e-06	 6.749960e-03	-5.408645e-05	 2.270271e-05	-2.351506e-03	 6.133425e-05	-2.800667e-04	 2.074193e-03	 6.356653e-03	 5.438322e-03	 8.107985e-03	 2.103791e-05	-5.063321e-04	-2.447588e-04	-2.636124e-04	-2.333600e-04	-1.025904e-04	 4.680314e-05	 6.418197e-04	 5.273710e-04	 6.406534e-03	 7.886838e-03	-4.242356e-08	-2.002381e-07	 4.862164e-07	-7.571809e-06	-4.399462e-04	-1.892896e-07	-1.119106e-04	-2.367792e-07	-1.146307e-14	 3.288266e-05	 1.288147e-04	 1.274672e-06	
-1.909152e-06	 1.286489e-05	 3.185213e-03	-3.797100e-06	-3.134596e-05	-2.347031e-05	-9.014589e-02	-2.739804e-04	 1.035978e-04	 3.654324e-03	 1.760951e-04	-3.131240e-03	 1.829969e-02	 3.499314e-02	 1.169276e-02	 7.402635e-03	-3.074010e-04	-1.272894e-03	-1.125273e-03	 4.747985e-03	 7.418495e-03	-1.073776e-04	-7.187130e-04	 4.493325e-03	-9.597853e-04	 7.886838e-03	 7.197987e-02	-6.168684e-07	-6.158978e-07	 8.429105e-06	-7.721824e-05	-1.839131e-03	-7.803597e-07	-1.303947e-03	-1.378169e-06	-7.873934e-15	 1.689833e-04	-1.864763e-02	 2.481992e-05	
 2.080077e-09	-1.637882e-09	 6.522825e-08	 1.364066e-07	-7.431102e-08	-6.087887e-10	-1.065234e-05	 1.450896e-07	-6.827315e-08	-1.995852e-04	 4.537736e-06	 1.094693e-04	 3.693440e-03	 8.084797e-05	 4.318573e-04	 4.504791e-04	-7.340640e-05	 1.742287e-04	-1.799340e-04	-1.974032e-05	 7.050258e-05	 5.926607e-08	-4.381011e-08	 3.983827e-08	 9.395629e-08	-4.242356e-08	-6.168684e-07	 3.746536e-07	 5.274088e-11	-1.209619e-09	 2.212984e-08	-5.190685e-07	 7.638915e-10	-1.798698e-06	-1.512138e-10	 2.862610e-16	-1.610519e-08	 3.279799e-06	 7.581670e-09	
-1.163336e-09	 1.847117e-09	 1.692558e-05	-1.213359e-07	-5.855423e-08	-5.307065e-08	-7.111303e-05	-1.075016e-06	-2.697683e-07	 7.102433e-04	-1.938321e-06	-3.773765e-05	 4.893148e-04	 9.490508e-05	-3.834845e-04	-1.341684e-03	 6.936305e-06	-4.465573e-06	-4.076407e-05	 4.026157e-04	 9.185198e-04	-5.495865e-08	 5.192966e-08	 1.367941e-07	 1.039817e-07	-2.002381e-07	-6.158978e-07	 5.274088e-11	 3.857648e-07	-3.125997e-09	-2.426819e-07	-4.927332e-06	-4.745517e-10	 7.880128e-07	 6.006219e-10	-2.544425e-16	-2.049371e-08	-3.525966e-05	 1.334106e-07	
 1.300210e-08	-9.306509e-08	-4.293593e-04	 1.098709e-05	 2.943432e-07	-5.172045e-07	-4.694525e-03	 1.581451e-05	-2.508542e-06	 5.386243e-04	 2.197057e-06	-7.979213e-06	 3.429627e-03	 5.705423e-04	 4.684807e-04	 1.427681e-03	-2.013689e-05	 2.059298e-07	-2.451992e-05	-1.454362e-05	 8.243792e-04	 3.242154e-07	-1.414287e-07	-8.916113e-07	-1.903891e-07	 4.862164e-07	 8.429105e-06	-1.209619e-09	-3.125997e-09	 6.077517e-06	-3.158656e-06	-5.560730e-05	 9.234753e-09	 7.729082e-06	 1.080400e-09	 2.304729e-14	-1.136755e-06	-5.032739e-04	 1.038974e-06	
 7.060960e-07	-6.818224e-06	-1.494116e-02	-5.946995e-05	 2.694429e-05	-1.892149e-05	 4.012514e-01	 1.953385e-03	 1.468164e-03	-9.455566e-03	 2.068944e-04	 1.690841e-03	-4.471192e-02	-1.576968e-02	-1.857356e-04	 6.452839e-03	-4.169387e-03	-1.076003e-04	-1.269292e-03	-1.740535e-03	 3.438393e-04	-1.586818e-06	 5.326928e-08	-2.698980e-06	-8.472549e-06	-7.571809e-06	-7.721824e-05	 2.212984e-08	-2.426819e-07	-3.158656e-06	 1.363467e-03	-3.091450e-03	 2.353213e-07	 1.054902e-03	 7.854990e-07	-1.246796e-13	 4.382477e-04	 1.400524e-01	-6.837163e-04	
 1.474557e-05	-2.297660e-04	 1.041207e-01	 1.267148e-02	 7.310460e-04	 6.678789e-03	-7.468740e-01	-7.204192e-03	-6.269162e-03	-1.646837e-01	 3.505892e-03	 2.912683e-02	-7.682120e-01	-3.357206e-01	-5.951871e-02	 7.240345e-02	-6.909148e-02	-8.167212e-03	-2.283847e-02	-3.230274e-02	-1.114668e-03	 9.473470e-07	-7.150776e-05	 2.949910e-05	-3.361578e-04	-4.399462e-04	-1.839131e-03	-5.190685e-07	-4.927332e-06	-5.560730e-05	-3.091450e-03	 6.757810e-01	 6.482000e-06	 4.465685e-02	 1.336921e-05	 2.656001e-11	 2.099746e-03	-3.796614e-01	 1.759601e-03	
 7.640911e-09	-3.328827e-08	 6.645788e-06	 1.324916e-07	 9.601225e-08	 8.581367e-08	-2.855406e-03	 2.773770e-08	 6.530690e-07	-2.460562e-05	 5.939571e-07	 5.795791e-06	-1.225089e-04	-7.625919e-05	-2.542048e-05	-2.762147e-06	-9.958750e-06	 4.288080e-08	-2.807344e-06	-4.679949e-06	 1.358554e-06	-1.717008e-08	-2.346908e-08	-2.679426e-08	-9.953545e-08	-1.892896e-07	-7.803597e-07	 7.638915e-10	-4.745517e-10	 9.234753e-09	 2.353213e-07	 6.482000e-06	 4.058016e-08	-7.603165e-06	 3.425564e-10	 1.800867e-16	-1.818392e-07	-4.290567e-04	-1.667247e-07	
 4.075181e-06	-3.487240e-04	-7.204369e-02	 7.795613e-05	 7.403109e-04	 4.916901e-04	 4.795436e+00	 4.594034e-03	-3.747892e-03	 7.942002e-02	-1.943843e-03	-4.322877e-03	 1.964669e-01	-1.221128e-02	-1.026327e-01	-1.597979e-01	 3.253345e-02	 8.472466e-03	 1.915259e-02	 1.843878e-02	-1.104048e-02	-1.245345e-05	 1.203451e-05	 3.498926e-05	-1.254989e-04	-1.119106e-04	-1.303947e-03	-1.798698e-06	 7.880128e-07	 7.729082e-06	 1.054902e-03	 4.465685e-02	-7.603165e-06	 9.055478e-02	 1.748045e-05	 1.847775e-13	-3.971928e-03	 8.540415e-01	-4.036862e-04	
 8.605816e-09	-9.763425e-08	-1.456118e-05	 1.546859e-07	 3.200200e-07	 1.564068e-07	 2.916107e-03	 1.884567e-06	-1.979116e-06	 3.096078e-05	-3.310396e-07	-3.991516e-06	 9.368190e-05	 1.251313e-05	-2.282265e-05	-5.486069e-05	 1.547941e-05	 2.849648e-06	 6.885058e-06	 4.910707e-06	-8.489723e-06	-4.126955e-08	 1.110832e-08	-8.492667e-08	-4.319498e-08	-2.367792e-07	-1.378169e-06	-1.512138e-10	 6.006219e-10	 1.080400e-09	 7.854990e-07	 1.336921e-05	 3.425564e-10	 1.748045e-05	 9.544676e-08	 3.299927e-16	-1.548447e-06	 4.775337e-04	-7.941589e-08	
 5.570140e-16	-2.985060e-15	 1.803201e-12	 5.709110e-13	 1.368009e-14	 2.625214e-13	-6.395395e-11	-1.844069e-13	-1.708726e-13	-9.061357e-12	 2.756571e-13	 1.087926e-12	-2.826055e-11	-9.846744e-12	 5.416043e-12	 1.865890e-11	-4.892917e-12	-1.154188e-12	-2.591598e-12	-2.842275e-12	 3.320348e-12	 1.400051e-15	-3.960879e-15	-3.660677e-15	-1.147846e-14	-1.146307e-14	-7.873934e-15	 2.862610e-16	-2.544425e-16	 2.304729e-14	-1.246796e-13	 2.656001e-11	 1.800867e-16	 1.847775e-13	 3.299927e-16	 1.197634e-21	 1.598871e-13	-1.892630e-11	 6.640254e-14	
-1.039870e-06	 1.871404e-05	 1.237157e-01	 7.631916e-05	-3.786210e-05	 1.734589e-05	-1.026792e+00	-5.413773e-03	 6.745640e-04	-3.698910e-03	 9.475367e-05	 2.038269e-04	-8.131730e-03	 6.296904e-03	 1.027835e-02	 1.242012e-02	-2.016396e-03	-5.061388e-04	-1.134106e-03	-9.345771e-04	 5.693355e-04	 7.019735e-06	 3.035845e-06	 4.794829e-06	 1.499845e-05	 3.288266e-05	 1.689833e-04	-1.610519e-08	-2.049371e-08	-1.136755e-06	 4.382477e-04	 2.099746e-03	-1.818392e-07	-3.971928e-03	-1.548447e-06	 1.598871e-13	 1.448309e-03	-2.079099e-01	-1.096145e-04	
 9.598212e-05	-2.518305e-03	-1.669118e+01	-9.021465e-03	 6.509491e-03	-1.896332e-03	 2.384497e+03	 9.110709e-01	-3.649236e-01	-1.583633e+00	 2.787301e-02	 3.375870e-01	-8.987119e+00	-3.489958e+00	-9.324050e-01	 3.906360e-01	-7.230351e-01	 1.224839e-01	-9.129040e-02	-1.942234e-01	 1.999897e-01	-7.836289e-04	-5.151611e-05	-1.238363e-03	-1.392398e-04	 1.288147e-04	-1.864763e-02	 3.279799e-06	-3.525966e-05	-5.032739e-04	 1.400524e-01	-3.796614e-01	-4.290567e-04	 8.540415e-01	 4.775337e-04	-1.892630e-11	-2.079099e-01	 3.532083e+02	-2.832250e-02	
-2.166907e-07	 2.603305e-06	 2.854781e-02	 3.167063e-05	-1.241015e-05	 1.141324e-05	 1.851858e-01	-2.040800e-03	-9.391737e-04	 4.877370e-03	-1.097147e-04	-7.537271e-04	 2.200957e-02	 7.069471e-03	-6.106363e-04	-4.177057e-03	 2.152817e-03	 1.103261e-04	 7.063206e-04	 9.484093e-04	-2.706480e-04	 1.406045e-06	-2.090235e-07	 1.160948e-06	 2.332485e-06	 1.274672e-06	 2.481992e-05	 7.581670e-09	 1.334106e-07	 1.038974e-06	-6.837163e-04	 1.759601e-03	-1.667247e-07	-4.036862e-04	-7.941589e-08	 6.640254e-14	-1.096145e-04	-2.832250e-02	 3.901677e-04	
